查询次数: 1000
置信度:
 [[0.      0.00015 0.75947 0.00092 0.00026 0.00006 0.00061 0.00112 0.00085
  0.00009 0.00038 0.01435 0.00002 0.00002 0.36639 0.00031 0.00005 0.00345
  0.00002 0.00035]]
查询次数: 2000
置信度:
 [[0.      0.00016 0.90746 0.00036 0.00023 0.00004 0.00035 0.00378 0.00057
  0.00009 0.00039 0.00415 0.00001 0.00002 0.10107 0.00132 0.00002 0.00369
  0.00001 0.00053]]
查询次数: 3000
置信度:
 [[0.      0.0003  0.70272 0.00061 0.00057 0.00006 0.00018 0.02675 0.00126
  0.00024 0.00059 0.00487 0.00003 0.00005 0.10725 0.00176 0.00007 0.01107
  0.00001 0.00033]]
查询次数: 4000
置信度:
 [[0.      0.00062 0.76798 0.00018 0.00092 0.00007 0.00012 0.42499 0.00179
  0.00015 0.00085 0.00089 0.00002 0.00017 0.14055 0.00067 0.00028 0.00559
  0.00001 0.00013]]
查询次数: 5000
置信度:
 [[0.      0.0007  0.79453 0.00021 0.00053 0.00008 0.00012 0.39868 0.00181
  0.00018 0.00085 0.00085 0.00002 0.00017 0.15332 0.00078 0.00023 0.00529
  0.      0.00013]]
查询次数: 6000
置信度:
 [[0.      0.00043 0.73613 0.00015 0.00131 0.00005 0.00012 0.48376 0.00121
  0.00017 0.00114 0.0003  0.00001 0.00015 0.21276 0.00076 0.0002  0.0035
  0.      0.00017]]
查询次数: 7000
置信度:
 [[0.      0.00064 0.45508 0.00037 0.00151 0.00008 0.00016 0.10536 0.00213
  0.00042 0.00157 0.02105 0.00002 0.00009 0.22176 0.00179 0.00014 0.02484
  0.      0.00049]]
查询次数: 8000
置信度:
 [[0.      0.00034 0.82816 0.00024 0.00084 0.00011 0.00011 0.63917 0.00145
  0.00033 0.00101 0.00035 0.00002 0.0002  0.13536 0.00103 0.00021 0.00399
  0.00001 0.00012]]
查询次数: 9000
置信度:
 [[0.      0.00041 0.83625 0.00016 0.00061 0.00007 0.00016 0.49505 0.00373
  0.00095 0.00171 0.00213 0.00001 0.00019 0.17713 0.00071 0.00033 0.00911
  0.      0.00017]]
查询次数: 10000
置信度:
 [[0.      0.00032 0.84413 0.00009 0.00034 0.00006 0.00013 0.81897 0.00343
  0.00041 0.00151 0.00041 0.00001 0.00019 0.07762 0.00064 0.00022 0.00476
  0.      0.0001 ]]
查询次数: 11000
置信度:
 [[0.      0.00048 0.89228 0.0001  0.00032 0.00011 0.00017 0.86789 0.00563
  0.00059 0.0015  0.00088 0.00001 0.00022 0.06388 0.00104 0.00025 0.00818
  0.      0.00012]]
查询次数: 12000
置信度:
 [[0.      0.00054 0.91307 0.00012 0.00024 0.0001  0.00022 0.86554 0.00826
  0.00073 0.00194 0.00104 0.00001 0.0002  0.07674 0.00086 0.00013 0.01618
  0.      0.00015]]
查询次数: 13000
置信度:
 [[0.      0.00057 0.84273 0.00009 0.00036 0.00009 0.00019 0.85277 0.00836
  0.00049 0.00172 0.00204 0.00001 0.00016 0.0991  0.0017  0.00009 0.07651
  0.      0.00024]]
查询次数: 14000
置信度:
 [[0.      0.0006  0.66194 0.00008 0.00066 0.0001  0.00035 0.69443 0.01038
  0.00101 0.00076 0.00409 0.00001 0.00035 0.26567 0.00103 0.00014 0.25295
  0.      0.00066]]
查询次数: 15000
置信度:
 [[0.      0.00068 0.71074 0.0001  0.00051 0.00008 0.00034 0.70065 0.00913
  0.00149 0.00058 0.00782 0.00001 0.0003  0.10166 0.00106 0.00016 0.4106
  0.      0.00068]]
查询次数: 16000
置信度:
 [[0.      0.00066 0.72283 0.00009 0.00053 0.00008 0.00048 0.72021 0.01267
  0.00095 0.00065 0.00736 0.00001 0.00029 0.10452 0.00125 0.00017 0.53638
  0.      0.00058]]
查询次数: 17000
置信度:
 [[0.      0.0006  0.72439 0.00011 0.0006  0.00009 0.00071 0.74946 0.01568
  0.00076 0.00071 0.00952 0.00001 0.0002  0.11659 0.0008  0.00013 0.66167
  0.      0.00072]]
查询次数: 18000
置信度:
 [[0.      0.00062 0.79608 0.0001  0.0009  0.00008 0.00055 0.78399 0.01792
  0.00084 0.00078 0.00997 0.00001 0.00022 0.11949 0.0008  0.00012 0.74161
  0.      0.00048]]
查询次数: 19000
置信度:
 [[0.      0.00046 0.78967 0.00007 0.00085 0.00005 0.00042 0.82144 0.01852
  0.00157 0.00085 0.0177  0.00001 0.00014 0.0944  0.0005  0.00017 0.73767
  0.      0.00042]]
查询次数: 20000
置信度:
 [[0.      0.00043 0.83565 0.00009 0.00081 0.00005 0.00043 0.83589 0.02093
  0.00148 0.00099 0.0121  0.00001 0.00015 0.09809 0.00057 0.00014 0.65361
  0.      0.0005 ]]
查询次数: 21000
置信度:
 [[0.      0.00049 0.81981 0.00009 0.00061 0.00005 0.00044 0.83301 0.03332
  0.00105 0.00116 0.0111  0.00001 0.00013 0.11023 0.0006  0.00013 0.77069
  0.      0.00058]]
查询次数: 22000
置信度:
 [[0.      0.00067 0.83029 0.00011 0.00069 0.00004 0.00066 0.82734 0.04265
  0.00111 0.00111 0.01323 0.00002 0.00015 0.10902 0.00073 0.00012 0.7687
  0.      0.00067]]
查询次数: 23000
置信度:
 [[0.      0.00068 0.81549 0.00011 0.00064 0.00005 0.00063 0.8788  0.04611
  0.00088 0.00112 0.01094 0.00002 0.00014 0.11758 0.00058 0.00015 0.74296
  0.      0.00054]]
查询次数: 24000
置信度:
 [[0.      0.00072 0.77802 0.00007 0.00052 0.00005 0.00076 0.82937 0.09746
  0.00066 0.00247 0.01854 0.00003 0.00008 0.15037 0.0003  0.00009 0.74245
  0.      0.00053]]
查询次数: 25000
置信度:
 [[0.00001 0.00108 0.24632 0.00022 0.00081 0.00009 0.00049 0.88117 0.17014
  0.00026 0.00485 0.00287 0.00003 0.00016 0.24623 0.00112 0.00016 0.82941
  0.      0.00046]]
查询次数: 26000
置信度:
 [[0.      0.00067 0.77252 0.00008 0.0006  0.00006 0.00076 0.88547 0.20874
  0.0006  0.00405 0.01564 0.00003 0.00007 0.14333 0.0004  0.00007 0.7758
  0.      0.00053]]
查询次数: 27000
置信度:
 [[0.      0.00095 0.80512 0.00011 0.00058 0.00006 0.0008  0.8812  0.28743
  0.00067 0.00461 0.02083 0.00004 0.00008 0.15731 0.00041 0.00009 0.73103
  0.      0.0005 ]]
查询次数: 28000
置信度:
 [[0.      0.00098 0.78212 0.00007 0.00048 0.00003 0.00062 0.77956 0.37448
  0.00079 0.00536 0.01239 0.00005 0.00009 0.13153 0.0003  0.00008 0.70224
  0.      0.00052]]
查询次数: 29000
置信度:
 [[0.      0.00096 0.79583 0.00008 0.00086 0.00007 0.00086 0.86671 0.54785
  0.0007  0.01073 0.01779 0.00003 0.00006 0.1796  0.00055 0.00006 0.65463
  0.00001 0.00115]]
查询次数: 30000
置信度:
 [[0.      0.00081 0.79079 0.0001  0.00105 0.00008 0.00124 0.85338 0.67789
  0.00087 0.01709 0.02311 0.00003 0.00004 0.1746  0.00062 0.00005 0.80518
  0.      0.00084]]
查询次数: 31000
置信度:
 [[0.      0.00076 0.80613 0.00011 0.00096 0.00007 0.00117 0.85936 0.69922
  0.00081 0.01821 0.02302 0.00003 0.00003 0.15367 0.00059 0.00005 0.79392
  0.      0.00076]]
查询次数: 32000
置信度:
 [[0.      0.00028 0.46175 0.00018 0.00092 0.00005 0.00088 0.8122  0.68563
  0.00125 0.01951 0.1451  0.00004 0.00003 0.19781 0.00085 0.00015 0.80839
  0.      0.00257]]
查询次数: 33000
置信度:
 [[0.      0.00077 0.79892 0.0001  0.00083 0.00006 0.00105 0.89534 0.78689
  0.0009  0.02591 0.02135 0.00003 0.00003 0.11989 0.00062 0.00005 0.82647
  0.00001 0.00125]]
查询次数: 34000
置信度:
 [[0.      0.00084 0.81751 0.00011 0.00086 0.00006 0.00109 0.86604 0.78379
  0.00092 0.02818 0.02515 0.00002 0.00003 0.11738 0.00064 0.00005 0.83015
  0.      0.00155]]
查询次数: 35000
置信度:
 [[0.      0.00072 0.81475 0.00012 0.00094 0.00007 0.0013  0.8513  0.78426
  0.00101 0.02902 0.02995 0.00003 0.00004 0.12878 0.0008  0.00005 0.82571
  0.      0.00177]]
查询次数: 36000
置信度:
 [[0.      0.00103 0.82026 0.00012 0.00116 0.00009 0.00127 0.88389 0.83566
  0.00063 0.03851 0.01929 0.00002 0.00005 0.10801 0.001   0.00004 0.85501
  0.      0.002  ]]
查询次数: 37000
置信度:
 [[0.      0.00093 0.58719 0.00021 0.00211 0.00009 0.00106 0.84835 0.83893
  0.00048 0.07032 0.02102 0.00002 0.00005 0.14388 0.00199 0.00003 0.84328
  0.00001 0.0019 ]]
查询次数: 38000
置信度:
 [[0.      0.00088 0.83243 0.00011 0.00179 0.00009 0.00071 0.86291 0.86102
  0.00056 0.10519 0.01043 0.00001 0.00004 0.13855 0.00107 0.00003 0.75804
  0.00001 0.00192]]
查询次数: 39000
置信度:
 [[0.      0.00057 0.6328  0.00025 0.00304 0.00008 0.00056 0.68707 0.73458
  0.0006  0.15219 0.02715 0.00001 0.00003 0.14928 0.00108 0.00004 0.78863
  0.      0.00094]]
查询次数: 40000
置信度:
 [[0.      0.00042 0.76183 0.00016 0.00239 0.00006 0.00066 0.86119 0.84728
  0.00053 0.29875 0.00958 0.00001 0.00002 0.16924 0.00104 0.00004 0.7007
  0.      0.00105]]
查询次数: 41000
置信度:
 [[0.      0.00034 0.72623 0.00015 0.00232 0.00006 0.00054 0.85775 0.83848
  0.00054 0.34898 0.00663 0.00001 0.00002 0.13522 0.00132 0.00004 0.6806
  0.      0.00137]]
查询次数: 42000
置信度:
 [[0.      0.00029 0.8156  0.00013 0.0031  0.00004 0.00051 0.81584 0.86823
  0.00066 0.4317  0.01204 0.00001 0.00002 0.2     0.00123 0.00005 0.64248
  0.      0.00125]]
查询次数: 43000
置信度:
 [[0.      0.0002  0.72478 0.00012 0.00299 0.00003 0.00032 0.84892 0.90431
  0.00039 0.58038 0.00483 0.00001 0.00001 0.16628 0.001   0.00003 0.72463
  0.      0.00127]]
查询次数: 44000
置信度:
 [[0.      0.00019 0.7172  0.00009 0.00283 0.00002 0.00032 0.81393 0.90698
  0.00047 0.62177 0.00505 0.00001 0.00001 0.16149 0.00087 0.00003 0.73247
  0.      0.00123]]
查询次数: 45000
置信度:
 [[0.      0.00017 0.69331 0.00008 0.00296 0.00002 0.00025 0.84425 0.90688
  0.00055 0.65554 0.00419 0.      0.00001 0.14531 0.00098 0.00003 0.71048
  0.      0.00152]]
查询次数: 46000
置信度:
 [[0.      0.00019 0.72008 0.00009 0.00283 0.00002 0.00027 0.86977 0.91394
  0.00049 0.65287 0.00423 0.      0.00001 0.13815 0.00113 0.00003 0.75201
  0.      0.00135]]
查询次数: 47000
置信度:
 [[0.      0.00009 0.7475  0.00008 0.00376 0.00002 0.00022 0.85067 0.90817
  0.00031 0.72532 0.00279 0.      0.00001 0.15073 0.00129 0.00003 0.75758
  0.      0.00166]]
查询次数: 48000
置信度:
 [[0.      0.00011 0.74237 0.00009 0.00353 0.00002 0.00026 0.84924 0.90963
  0.00031 0.71313 0.00239 0.      0.00001 0.15322 0.00142 0.00003 0.74383
  0.      0.00159]]
查询次数: 49000
置信度:
 [[0.      0.00011 0.77625 0.00008 0.00338 0.00002 0.00022 0.86355 0.90683
  0.0004  0.73298 0.00288 0.      0.00001 0.1307  0.00121 0.00003 0.78901
  0.      0.00152]]
查询次数: 50000
置信度:
 [[0.      0.00007 0.78629 0.00006 0.00408 0.00002 0.00016 0.83757 0.88209
  0.00039 0.78048 0.00232 0.      0.00001 0.11712 0.00112 0.00002 0.78563
  0.      0.00155]]
查询次数: 51000
置信度:
 [[0.      0.00008 0.79999 0.00005 0.00393 0.00001 0.00016 0.85573 0.90296
  0.00042 0.81988 0.00414 0.      0.      0.12779 0.00106 0.00003 0.84098
  0.      0.00127]]
查询次数: 52000
置信度:
 [[0.      0.00006 0.83023 0.00005 0.00434 0.00001 0.00015 0.87596 0.9177
  0.00034 0.8471  0.0028  0.      0.00001 0.08973 0.00139 0.00002 0.83406
  0.      0.00147]]
查询次数: 53000
置信度:
 [[0.      0.00007 0.84536 0.00005 0.00528 0.00001 0.00019 0.90453 0.92063
  0.00041 0.83807 0.00335 0.      0.00001 0.08742 0.00177 0.00002 0.84448
  0.      0.0016 ]]
查询次数: 54000
置信度:
 [[0.      0.00007 0.84554 0.00004 0.00711 0.00001 0.00019 0.89858 0.92793
  0.00038 0.84527 0.00321 0.      0.00001 0.09558 0.00135 0.00003 0.84903
  0.      0.00152]]
查询次数: 55000
置信度:
 [[0.      0.00008 0.80377 0.00005 0.00668 0.00001 0.00019 0.90653 0.9406
  0.00039 0.8644  0.00357 0.      0.00001 0.09524 0.00163 0.00002 0.87199
  0.      0.00164]]
查询次数: 56000
置信度:
 [[0.      0.00006 0.87288 0.00004 0.00748 0.00001 0.00018 0.90134 0.92599
  0.00042 0.86302 0.00332 0.      0.00001 0.0799  0.00219 0.00002 0.87771
  0.      0.00145]]
查询次数: 57000
置信度:
 [[0.      0.00007 0.8552  0.00003 0.00923 0.00001 0.00019 0.91929 0.93032
  0.00035 0.85073 0.00301 0.      0.00001 0.08584 0.00274 0.00003 0.88298
  0.      0.00168]]
查询次数: 58000
置信度:
 [[0.      0.00007 0.87495 0.00004 0.00908 0.00001 0.00016 0.917   0.9274
  0.0004  0.8782  0.00369 0.      0.00001 0.07153 0.00194 0.00002 0.8896
  0.      0.00169]]
查询次数: 59000
置信度:
 [[0.      0.00008 0.82258 0.00007 0.01131 0.00002 0.0001  0.92867 0.91555
  0.00041 0.87169 0.00154 0.      0.00001 0.07688 0.00323 0.00002 0.89443
  0.      0.00201]]
查询次数: 60000
置信度:
 [[0.      0.00007 0.87421 0.00003 0.01178 0.00001 0.00015 0.8942  0.92664
  0.00049 0.90432 0.00373 0.      0.00001 0.07132 0.00246 0.00003 0.8782
  0.      0.00157]]
查询次数: 61000
置信度:
 [[0.      0.00006 0.89058 0.00004 0.0136  0.00001 0.00016 0.90224 0.93053
  0.0005  0.908   0.00434 0.      0.00001 0.07196 0.00242 0.00002 0.88609
  0.      0.00157]]
查询次数: 62000
置信度:
 [[0.      0.00006 0.86612 0.00004 0.01781 0.00001 0.00015 0.89431 0.92916
  0.00051 0.90107 0.00352 0.      0.00001 0.09689 0.00288 0.00003 0.8593
  0.      0.00175]]
查询次数: 63000
置信度:
 [[0.      0.00006 0.86404 0.00004 0.02269 0.00001 0.00015 0.91472 0.93908
  0.00053 0.90537 0.00347 0.      0.00001 0.06624 0.0033  0.00003 0.87887
  0.      0.00243]]
查询次数: 64000
置信度:
 [[0.      0.00006 0.86262 0.00004 0.02676 0.00001 0.00016 0.92778 0.94114
  0.00054 0.90248 0.00442 0.      0.00001 0.07862 0.00318 0.00004 0.89915
  0.      0.00207]]
查询次数: 65000
置信度:
 [[0.      0.00007 0.85981 0.00005 0.0375  0.00001 0.00016 0.91642 0.93489
  0.00065 0.90636 0.00493 0.      0.00001 0.08123 0.00424 0.00005 0.87369
  0.      0.00202]]
查询次数: 66000
置信度:
 [[0.      0.00007 0.84595 0.00004 0.06664 0.00001 0.00014 0.88196 0.92967
  0.00055 0.87375 0.00431 0.      0.00001 0.07248 0.00641 0.00005 0.86343
  0.      0.00301]]
查询次数: 67000
置信度:
 [[0.      0.00019 0.26353 0.0003  0.08179 0.00001 0.00034 0.07399 0.89572
  0.00064 0.79481 0.64139 0.      0.00001 0.16144 0.00727 0.00012 0.92672
  0.      0.00833]]
查询次数: 68000
置信度:
 [[0.      0.0001  0.68516 0.00006 0.24805 0.00002 0.00017 0.7873  0.92676
  0.00039 0.85024 0.0029  0.      0.00001 0.16687 0.0048  0.00008 0.746
  0.      0.00313]]
查询次数: 69000
置信度:
 [[0.      0.00013 0.67932 0.00006 0.35641 0.00001 0.00017 0.77488 0.91574
  0.00045 0.82753 0.00302 0.      0.00001 0.18733 0.00468 0.00006 0.77666
  0.      0.0029 ]]
查询次数: 70000
置信度:
 [[0.      0.00015 0.70555 0.00007 0.39275 0.00001 0.00034 0.7842  0.89717
  0.00048 0.7738  0.00424 0.      0.00001 0.21281 0.00433 0.00006 0.77029
  0.      0.00299]]
查询次数: 71000
置信度:
 [[0.      0.00013 0.70705 0.00007 0.44633 0.00001 0.00026 0.78971 0.90133
  0.00062 0.84353 0.00315 0.      0.00001 0.21641 0.00485 0.00008 0.77301
  0.      0.0026 ]]
查询次数: 72000
置信度:
 [[0.      0.00014 0.71277 0.00008 0.49061 0.00001 0.00024 0.78902 0.89247
  0.00051 0.81967 0.00339 0.      0.00001 0.21352 0.00483 0.00007 0.77391
  0.      0.00259]]
查询次数: 73000
置信度:
 [[0.      0.00015 0.74443 0.00008 0.57926 0.00002 0.00028 0.79739 0.86957
  0.00044 0.82368 0.00296 0.      0.00001 0.22683 0.00471 0.00009 0.73014
  0.      0.00279]]
查询次数: 74000
置信度:
 [[0.      0.00016 0.72383 0.00007 0.62711 0.00001 0.00025 0.79149 0.88719
  0.00046 0.82689 0.00394 0.      0.00001 0.19756 0.00567 0.00007 0.78447
  0.      0.00403]]
查询次数: 75000
置信度:
 [[0.      0.00015 0.73415 0.00007 0.6187  0.00002 0.00026 0.75473 0.8738
  0.00038 0.81754 0.00486 0.      0.00001 0.17403 0.00691 0.00007 0.77283
  0.      0.00332]]
查询次数: 76000
置信度:
 [[0.      0.00015 0.78506 0.00007 0.67937 0.00002 0.00032 0.8001  0.88094
  0.00051 0.80939 0.00347 0.      0.00001 0.16156 0.00738 0.00006 0.7984
  0.      0.00305]]
查询次数: 77000
置信度:
 [[0.      0.00014 0.77018 0.00006 0.77    0.00002 0.00037 0.82071 0.89596
  0.00047 0.82145 0.00439 0.      0.00001 0.16499 0.00733 0.00008 0.7701
  0.      0.00222]]
查询次数: 78000
置信度:
 [[0.      0.00014 0.77891 0.00006 0.77149 0.00002 0.00047 0.83794 0.90368
  0.0004  0.82106 0.00355 0.      0.00001 0.13222 0.00829 0.00006 0.80652
  0.      0.00308]]
查询次数: 79000
置信度:
 [[0.      0.00013 0.79864 0.00008 0.80419 0.00002 0.0005  0.79979 0.89576
  0.00031 0.80953 0.00355 0.      0.00001 0.15501 0.00783 0.00005 0.8207
  0.      0.00282]]
查询次数: 80000
置信度:
 [[0.      0.00012 0.81124 0.00006 0.80431 0.00002 0.00041 0.83514 0.90821
  0.00031 0.84423 0.00307 0.      0.00001 0.14336 0.00936 0.00004 0.82106
  0.      0.00301]]
查询次数: 81000
置信度:
 [[0.      0.00013 0.80883 0.00006 0.78368 0.00002 0.00042 0.83636 0.90443
  0.00032 0.84249 0.00264 0.      0.00001 0.12902 0.00947 0.00004 0.8124
  0.      0.00278]]
查询次数: 82000
置信度:
 [[0.      0.00012 0.82794 0.00007 0.81297 0.00002 0.00039 0.8553  0.91267
  0.00031 0.83733 0.00305 0.      0.00001 0.11117 0.01027 0.00005 0.83413
  0.      0.00277]]
查询次数: 83000
置信度:
 [[0.      0.00014 0.81809 0.00006 0.79553 0.00002 0.0004  0.88167 0.91752
  0.00029 0.84442 0.00318 0.      0.00001 0.1301  0.01024 0.00005 0.86943
  0.      0.00312]]
查询次数: 84000
置信度:
 [[0.      0.00012 0.83591 0.00007 0.83699 0.00003 0.00041 0.89775 0.92049
  0.00024 0.84236 0.00273 0.      0.00001 0.12658 0.01069 0.00004 0.84441
  0.      0.00378]]
查询次数: 85000
置信度:
 [[0.      0.00011 0.86708 0.00005 0.84964 0.00003 0.00043 0.88435 0.92151
  0.00023 0.83233 0.00267 0.      0.00001 0.11645 0.01127 0.00003 0.8285
  0.      0.00378]]
查询次数: 86000
置信度:
 [[0.      0.0001  0.85088 0.00006 0.85361 0.00002 0.00036 0.87898 0.93201
  0.0002  0.83734 0.00335 0.      0.00001 0.10058 0.01459 0.00003 0.86023
  0.      0.00548]]
查询次数: 87000
置信度:
 [[0.      0.00009 0.84676 0.00006 0.858   0.00002 0.00033 0.88028 0.92139
  0.00015 0.8459  0.00328 0.      0.00001 0.0944  0.01762 0.00003 0.83412
  0.      0.0046 ]]
查询次数: 88000
置信度:
 [[0.      0.00009 0.83111 0.00006 0.85238 0.00002 0.00038 0.89036 0.93529
  0.00014 0.85219 0.00342 0.      0.00001 0.12444 0.01955 0.00003 0.84803
  0.      0.00529]]
查询次数: 89000
置信度:
 [[0.      0.00011 0.80952 0.00007 0.8526  0.00003 0.00045 0.899   0.93206
  0.00019 0.83857 0.0039  0.      0.00001 0.0918  0.02852 0.00004 0.86314
  0.      0.0055 ]]
查询次数: 90000
置信度:
 [[0.      0.00011 0.8135  0.00007 0.85327 0.00003 0.00045 0.885   0.93585
  0.00018 0.83829 0.00506 0.      0.00001 0.0891  0.03503 0.00004 0.84414
  0.      0.00671]]
查询次数: 91000
置信度:
 [[0.      0.00013 0.7613  0.00006 0.83878 0.00003 0.0005  0.86111 0.92613
  0.00029 0.82472 0.00758 0.      0.00001 0.10974 0.07754 0.00005 0.83262
  0.      0.00543]]
查询次数: 92000
置信度:
 [[0.      0.00016 0.74284 0.00007 0.84695 0.00003 0.00055 0.84213 0.91677
  0.00036 0.82311 0.00677 0.      0.00001 0.12303 0.13915 0.00005 0.80192
  0.00001 0.0056 ]]
查询次数: 93000
置信度:
 [[0.      0.00017 0.71002 0.00008 0.84987 0.00003 0.00058 0.84529 0.90245
  0.00033 0.79594 0.00636 0.      0.00001 0.12264 0.19499 0.00005 0.79171
  0.00001 0.00554]]
查询次数: 94000
置信度:
 [[0.      0.00025 0.65415 0.00008 0.74275 0.00004 0.00051 0.81822 0.9055
  0.00039 0.75976 0.00623 0.      0.00001 0.12966 0.33333 0.00005 0.79314
  0.00001 0.00649]]
查询次数: 95000
置信度:
 [[0.      0.00023 0.66066 0.00008 0.72803 0.00004 0.00052 0.83286 0.91437
  0.00038 0.78451 0.00662 0.      0.00001 0.13269 0.37667 0.00005 0.77257
  0.00001 0.00566]]
查询次数: 96000
置信度:
 [[0.      0.00026 0.71689 0.0001  0.55981 0.00004 0.00056 0.84558 0.91638
  0.00049 0.73403 0.01129 0.      0.00001 0.12417 0.36956 0.00005 0.80394
  0.00001 0.00699]]
查询次数: 97000
置信度:
 [[0.      0.00029 0.69669 0.00008 0.7696  0.00005 0.00083 0.82965 0.90446
  0.00044 0.73223 0.00987 0.      0.00002 0.15346 0.48991 0.00005 0.75106
  0.00001 0.00658]]
查询次数: 98000
置信度:
 [[0.      0.00024 0.74116 0.00008 0.80317 0.00004 0.00065 0.76242 0.89435
  0.00034 0.7451  0.00778 0.      0.00001 0.16637 0.51687 0.00004 0.76089
  0.      0.00617]]
查询次数: 99000
置信度:
 [[0.      0.0003  0.73049 0.00007 0.80707 0.00005 0.00077 0.83003 0.89762
  0.00037 0.75002 0.00695 0.      0.00002 0.16663 0.59583 0.00004 0.77858
  0.      0.0063 ]]
查询次数: 100000
置信度:
 [[0.      0.00028 0.71111 0.00007 0.8314  0.00004 0.00073 0.82666 0.89993
  0.00041 0.75906 0.0078  0.      0.00001 0.17618 0.59969 0.00003 0.81118
  0.      0.00663]]
查询次数: 101000
置信度:
 [[0.      0.00023 0.76073 0.00007 0.82123 0.00005 0.00071 0.80783 0.8926
  0.00041 0.76572 0.00567 0.      0.00001 0.16767 0.66179 0.00003 0.80605
  0.      0.00526]]
查询次数: 102000
置信度:
 [[0.      0.00022 0.75597 0.00007 0.80777 0.00005 0.00069 0.83086 0.89762
  0.00039 0.77373 0.00598 0.      0.00001 0.14562 0.71239 0.00003 0.80263
  0.      0.00579]]
查询次数: 103000
置信度:
 [[0.      0.00019 0.77187 0.00006 0.83167 0.00005 0.00063 0.82855 0.90312
  0.00039 0.78902 0.00535 0.      0.00001 0.14595 0.70204 0.00002 0.76848
  0.      0.0061 ]]
查询次数: 104000
置信度:
 [[0.      0.00023 0.79642 0.00007 0.82076 0.00006 0.00066 0.8427  0.90565
  0.0004  0.79373 0.00573 0.      0.00001 0.13221 0.75322 0.00002 0.77306
  0.      0.00622]]
查询次数: 105000
置信度:
 [[0.      0.00024 0.815   0.00007 0.57732 0.00005 0.00067 0.82451 0.85548
  0.00056 0.76568 0.00621 0.      0.00001 0.10553 0.70742 0.00002 0.81908
  0.      0.0042 ]]
查询次数: 106000
置信度:
 [[0.      0.0002  0.7879  0.00006 0.83583 0.00005 0.0008  0.84971 0.91276
  0.00045 0.79904 0.00681 0.      0.00001 0.12002 0.80881 0.00002 0.83938
  0.      0.00824]]
查询次数: 107000
置信度:
 [[0.      0.00021 0.7939  0.00006 0.83385 0.00006 0.00078 0.85777 0.91579
  0.00046 0.80633 0.00702 0.      0.00001 0.11137 0.80344 0.00002 0.84719
  0.      0.00752]]
查询次数: 108000
置信度:
 [[0.      0.00021 0.80799 0.00005 0.83855 0.00005 0.0008  0.87115 0.92328
  0.00041 0.82497 0.00818 0.      0.00001 0.10166 0.80179 0.00002 0.8458
  0.      0.00824]]
查询次数: 109000
置信度:
 [[0.      0.0002  0.81061 0.00005 0.83449 0.00004 0.00081 0.87645 0.92162
  0.00043 0.82329 0.00859 0.      0.00001 0.1006  0.80684 0.00002 0.85816
  0.      0.00812]]
查询次数: 110000
置信度:
 [[0.      0.00017 0.82963 0.00006 0.83946 0.00004 0.00066 0.88367 0.92741
  0.00043 0.84588 0.00788 0.      0.00001 0.09996 0.81738 0.00002 0.8547
  0.      0.00809]]
查询次数: 111000
置信度:
 [[0.      0.00017 0.80868 0.00006 0.87298 0.00004 0.00069 0.8804  0.92324
  0.00042 0.84866 0.00854 0.      0.00001 0.11033 0.8249  0.00002 0.86528
  0.      0.00843]]
查询次数: 112000
置信度:
 [[0.      0.00018 0.83014 0.00006 0.86448 0.00004 0.00074 0.88116 0.93261
  0.00041 0.85211 0.00885 0.      0.00001 0.10984 0.82834 0.00002 0.87557
  0.      0.0091 ]]
查询次数: 113000
置信度:
 [[0.      0.00017 0.84271 0.00005 0.86232 0.00004 0.0007  0.88419 0.93388
  0.00045 0.85195 0.00806 0.      0.00001 0.10461 0.82554 0.00002 0.87566
  0.      0.00845]]
查询次数: 114000
置信度:
 [[0.      0.00017 0.83042 0.00006 0.86444 0.00004 0.00074 0.87911 0.93581
  0.00047 0.85939 0.00854 0.      0.00001 0.10718 0.85013 0.00002 0.88341
  0.      0.01066]]
查询次数: 115000
置信度:
 [[0.      0.00017 0.82927 0.00006 0.88373 0.00004 0.00072 0.88266 0.94638
  0.00043 0.86969 0.00952 0.      0.00001 0.10298 0.83181 0.00002 0.8818
  0.      0.01096]]
查询次数: 116000
置信度:
 [[0.      0.00018 0.84236 0.00006 0.8882  0.00004 0.00068 0.88001 0.94096
  0.00052 0.85804 0.00884 0.      0.00001 0.09949 0.84023 0.00002 0.87143
  0.      0.01088]]
查询次数: 117000
置信度:
 [[0.      0.00019 0.85017 0.00006 0.89113 0.00004 0.00069 0.88826 0.94675
  0.0005  0.86832 0.00771 0.      0.00001 0.09182 0.84253 0.00002 0.88748
  0.      0.01108]]
查询次数: 118000
置信度:
 [[0.      0.00019 0.85697 0.00006 0.89279 0.00004 0.00073 0.89686 0.94673
  0.00046 0.86592 0.00751 0.      0.00001 0.0874  0.85985 0.00002 0.88904
  0.      0.01095]]
查询次数: 119000
置信度:
 [[0.      0.00018 0.8516  0.00005 0.86437 0.00004 0.0007  0.89445 0.95088
  0.00044 0.87943 0.00814 0.      0.00001 0.08675 0.85779 0.00002 0.87815
  0.      0.01232]]
查询次数: 120000
置信度:
 [[0.      0.00018 0.84589 0.00005 0.89513 0.00004 0.00072 0.89513 0.94973
  0.00036 0.88061 0.00791 0.      0.00001 0.0874  0.86557 0.00002 0.8887
  0.      0.01783]]
查询次数: 121000
置信度:
 [[0.      0.00019 0.8343  0.00005 0.86695 0.00004 0.00062 0.89746 0.95073
  0.0003  0.87092 0.00816 0.      0.00001 0.08988 0.84354 0.00002 0.9018
  0.      0.03294]]
查询次数: 122000
置信度:
 [[0.      0.00017 0.78841 0.00006 0.8311  0.00005 0.00069 0.87175 0.94778
  0.00029 0.85953 0.01161 0.      0.00001 0.09903 0.83537 0.00002 0.91096
  0.      0.06501]]
查询次数: 123000
置信度:
 [[0.      0.00016 0.73426 0.00006 0.82711 0.00004 0.00056 0.86545 0.93159
  0.00029 0.81855 0.01336 0.      0.00001 0.11277 0.77846 0.00002 0.90866
  0.      0.13812]]
查询次数: 124000
置信度:
 [[0.      0.00022 0.76226 0.00008 0.74601 0.00004 0.00071 0.87749 0.92198
  0.00041 0.80565 0.01524 0.      0.00001 0.11179 0.79382 0.00002 0.90881
  0.      0.15443]]
查询次数: 125000
置信度:
 [[0.      0.00021 0.74093 0.00005 0.80911 0.00004 0.00069 0.84029 0.92075
  0.00036 0.76829 0.01502 0.      0.00001 0.11301 0.80529 0.00002 0.88124
  0.00001 0.21862]]
查询次数: 126000
置信度:
 [[0.      0.00035 0.7367  0.00007 0.74792 0.00005 0.00069 0.83947 0.94279
  0.00047 0.76158 0.01718 0.      0.00002 0.13814 0.79923 0.00003 0.89606
  0.00001 0.34581]]
查询次数: 127000
置信度:
 [[0.      0.00025 0.29269 0.00009 0.78169 0.00002 0.0005  0.21947 0.88998
  0.0003  0.65747 0.43517 0.      0.00002 0.13946 0.77265 0.00002 0.92609
  0.      0.48396]]
查询次数: 128000
置信度:
 [[0.      0.00029 0.74666 0.00005 0.82177 0.00004 0.00066 0.8192  0.92274
  0.00041 0.74354 0.01348 0.      0.00002 0.12261 0.79413 0.00003 0.87696
  0.      0.47021]]
查询次数: 129000
置信度:
 [[0.      0.00024 0.76691 0.00006 0.82147 0.00004 0.00047 0.83472 0.90408
  0.00033 0.73339 0.01272 0.      0.00002 0.11443 0.76917 0.00003 0.84045
  0.      0.51374]]
查询次数: 130000
置信度:
 [[0.      0.00028 0.70742 0.00005 0.82241 0.00004 0.00032 0.83805 0.90727
  0.0003  0.73973 0.00934 0.      0.00001 0.10612 0.76596 0.00002 0.8259
  0.00001 0.57533]]
查询次数: 131000
置信度:
 [[0.      0.00025 0.68644 0.00006 0.82139 0.00004 0.00036 0.85452 0.91452
  0.00029 0.7384  0.01378 0.      0.00001 0.11471 0.77978 0.00003 0.84963
  0.00001 0.60366]]
查询次数: 132000
置信度:
 [[0.      0.00018 0.72249 0.00005 0.79448 0.00003 0.00029 0.83967 0.89111
  0.00033 0.76576 0.00806 0.      0.00001 0.12354 0.75854 0.00002 0.85471
  0.      0.69185]]
查询次数: 133000
置信度:
 [[0.      0.0002  0.72547 0.00005 0.80828 0.00003 0.00028 0.85211 0.89763
  0.00035 0.76682 0.00786 0.      0.00001 0.1191  0.77523 0.00002 0.87283
  0.      0.70832]]
查询次数: 134000
置信度:
 [[0.      0.00019 0.54917 0.00009 0.85614 0.00002 0.00025 0.54882 0.85702
  0.00029 0.72953 0.03182 0.      0.00001 0.13222 0.79474 0.00003 0.89017
  0.      0.72111]]
查询次数: 135000
置信度:
 [[0.      0.00019 0.74056 0.00005 0.82928 0.00003 0.00025 0.87154 0.90307
  0.00031 0.7836  0.00725 0.      0.00001 0.10521 0.78385 0.00002 0.88015
  0.      0.7011 ]]
查询次数: 136000
置信度:
 [[0.      0.00019 0.75027 0.00004 0.85917 0.00003 0.00024 0.87502 0.89789
  0.00029 0.79487 0.00496 0.      0.00001 0.10497 0.80318 0.00002 0.8408
  0.      0.69919]]
查询次数: 137000
置信度:
 [[0.      0.00022 0.75893 0.00005 0.86215 0.00003 0.00025 0.8465  0.89477
  0.00027 0.77678 0.00516 0.      0.00001 0.09781 0.80713 0.00002 0.83625
  0.      0.70139]]
查询次数: 138000
置信度:
 [[0.      0.00017 0.76863 0.00004 0.83057 0.00003 0.00021 0.89527 0.89312
  0.00029 0.79191 0.00567 0.      0.00001 0.10558 0.83295 0.00002 0.84959
  0.      0.78134]]
查询次数: 139000
置信度:
 [[0.      0.00014 0.77115 0.00004 0.85958 0.00003 0.00021 0.88452 0.89025
  0.00032 0.80461 0.00529 0.      0.00001 0.10407 0.83333 0.00002 0.85094
  0.      0.77933]]
查询次数: 140000
置信度:
 [[0.      0.00012 0.77974 0.00004 0.87296 0.00002 0.00021 0.88024 0.89757
  0.00028 0.8123  0.00507 0.      0.00001 0.10725 0.82404 0.00002 0.85901
  0.      0.80745]]
查询次数: 141000
置信度:
 [[0.      0.00013 0.80207 0.00004 0.88177 0.00003 0.00021 0.87448 0.89692
  0.00028 0.81126 0.00504 0.      0.00001 0.1045  0.82896 0.00002 0.83267
  0.      0.78299]]
查询次数: 142000
置信度:
 [[0.      0.00013 0.79581 0.00004 0.8595  0.00003 0.00019 0.87268 0.89157
  0.00029 0.81048 0.00544 0.      0.00001 0.09951 0.84264 0.00002 0.84452
  0.      0.80266]]
查询次数: 143000
置信度:
 [[0.      0.00014 0.80444 0.00004 0.85771 0.00003 0.00021 0.88285 0.90418
  0.00028 0.82172 0.00583 0.      0.00001 0.10214 0.85666 0.00002 0.85227
  0.      0.81942]]
查询次数: 144000
置信度:
 [[0.      0.00013 0.81012 0.00004 0.85948 0.00003 0.00022 0.87633 0.89956
  0.00027 0.81214 0.00552 0.      0.00001 0.10357 0.84296 0.00001 0.8663
  0.      0.83231]]
查询次数: 145000
置信度:
 [[0.      0.00015 0.7794  0.00003 0.85184 0.00004 0.00025 0.92595 0.90798
  0.00027 0.8201  0.00209 0.      0.00001 0.0943  0.84498 0.00002 0.83106
  0.      0.81668]]
查询次数: 146000
置信度:
 [[0.      0.00013 0.80627 0.00004 0.8627  0.00002 0.00021 0.87967 0.91229
  0.00023 0.84277 0.00567 0.      0.00001 0.08957 0.83698 0.00001 0.87129
  0.      0.86321]]
查询次数: 147000
置信度:
 [[0.      0.00013 0.81872 0.00004 0.86729 0.00003 0.00021 0.88438 0.9119
  0.00022 0.8393  0.00491 0.      0.00001 0.08589 0.84303 0.00001 0.87306
  0.      0.85617]]
查询次数: 148000
置信度:
 [[0.      0.00018 0.86026 0.00006 0.32098 0.00003 0.00024 0.91623 0.91997
  0.00039 0.82718 0.00713 0.      0.00001 0.10412 0.81507 0.00001 0.90305
  0.      0.86991]]
查询次数: 149000
置信度:
 [[0.      0.00013 0.82093 0.00004 0.88212 0.00003 0.00024 0.89043 0.91974
  0.00022 0.84409 0.00442 0.      0.00001 0.08626 0.85074 0.00001 0.87368
  0.      0.85177]]
查询次数: 150000
置信度:
 [[0.      0.00012 0.81728 0.00004 0.88417 0.00002 0.00023 0.87906 0.91397
  0.00021 0.84492 0.00407 0.      0.00001 0.08726 0.83726 0.00002 0.86706
  0.      0.83012]]
查询次数: 151000
置信度:
 [[0.      0.00012 0.82643 0.00004 0.88879 0.00003 0.00023 0.89132 0.91596
  0.00021 0.83474 0.00443 0.      0.00001 0.09004 0.85752 0.00002 0.87256
  0.      0.85136]]
查询次数: 152000
置信度:
 [[0.      0.00013 0.81074 0.00004 0.89082 0.00002 0.00025 0.89631 0.92172
  0.00025 0.84976 0.00456 0.      0.00001 0.09177 0.86525 0.00002 0.8769
  0.      0.85051]]
查询次数: 153000
置信度:
 [[0.      0.00012 0.83589 0.00004 0.88213 0.00002 0.00024 0.89055 0.92404
  0.00023 0.84371 0.00437 0.      0.00001 0.08377 0.8631  0.00002 0.88269
  0.      0.85297]]
查询次数: 154000
置信度:
 [[0.      0.00013 0.83655 0.00004 0.87637 0.00002 0.00024 0.89813 0.92205
  0.00023 0.84536 0.00409 0.      0.00001 0.08398 0.87283 0.00002 0.88296
  0.      0.85886]]
查询次数: 155000
置信度:
 [[0.      0.00012 0.86498 0.00004 0.84357 0.00002 0.00025 0.83976 0.90586
  0.00024 0.79937 0.00576 0.      0.00001 0.0707  0.84821 0.00001 0.87691
  0.      0.83149]]
查询次数: 156000
置信度:
 [[0.      0.00013 0.82765 0.00004 0.87813 0.00002 0.00024 0.89189 0.92588
  0.00024 0.84988 0.00409 0.      0.00001 0.08633 0.88381 0.00002 0.88219
  0.      0.86436]]
查询次数: 157000
置信度:
 [[0.      0.00013 0.8216  0.00004 0.88057 0.00002 0.00025 0.89669 0.92529
  0.00024 0.85017 0.00424 0.      0.00001 0.08388 0.8857  0.00002 0.88223
  0.      0.87001]]
查询次数: 158000
置信度:
 [[0.      0.00014 0.83577 0.00004 0.84962 0.00002 0.00025 0.89274 0.92361
  0.00027 0.85842 0.00426 0.      0.00001 0.08752 0.87283 0.00002 0.86829
  0.      0.8625 ]]
查询次数: 159000
置信度:
 [[0.      0.00014 0.82545 0.00004 0.8902  0.00002 0.00026 0.90168 0.92447
  0.00024 0.86146 0.00484 0.      0.00001 0.08578 0.88355 0.00002 0.88507
  0.      0.85937]]
查询次数: 160000
置信度:
 [[0.      0.00012 0.78226 0.00004 0.87851 0.00002 0.00026 0.91483 0.92947
  0.0002  0.84919 0.00625 0.      0.00001 0.07463 0.88305 0.00002 0.88275
  0.      0.86344]]
查询次数: 161000
置信度:
 [[0.      0.00011 0.82766 0.00004 0.91117 0.00002 0.00025 0.89756 0.92668
  0.0002  0.86334 0.00457 0.      0.00001 0.07155 0.88673 0.00002 0.88151
  0.      0.85068]]
查询次数: 162000
置信度:
 [[0.      0.00012 0.83524 0.00003 0.87963 0.00002 0.00019 0.90977 0.92809
  0.00019 0.84991 0.00464 0.      0.00001 0.06944 0.8856  0.00002 0.85741
  0.      0.88524]]
查询次数: 163000
置信度:
 [[0.      0.00012 0.84229 0.00003 0.88617 0.00002 0.00023 0.90071 0.93425
  0.0002  0.86099 0.00433 0.      0.00001 0.07411 0.88834 0.00002 0.87459
  0.      0.88584]]
查询次数: 164000
置信度:
 [[0.      0.00012 0.85042 0.00004 0.89024 0.00002 0.00023 0.89986 0.9269
  0.00022 0.85186 0.00473 0.      0.00001 0.09603 0.89612 0.00002 0.86639
  0.      0.87938]]
查询次数: 165000
置信度:
 [[0.      0.00014 0.84511 0.00004 0.89604 0.00002 0.00025 0.91164 0.93583
  0.00022 0.8609  0.00438 0.      0.00001 0.09152 0.91232 0.00002 0.88521
  0.      0.8617 ]]
查询次数: 166000
置信度:
 [[0.      0.00014 0.85462 0.00004 0.89168 0.00002 0.00026 0.90831 0.93762
  0.00023 0.8566  0.00446 0.      0.00001 0.09575 0.90624 0.00002 0.87828
  0.      0.87453]]
查询次数: 167000
置信度:
 [[0.      0.00014 0.86136 0.00004 0.88258 0.00002 0.00026 0.8864  0.9342
  0.0002  0.84881 0.00536 0.      0.00001 0.07446 0.89025 0.00001 0.89445
  0.      0.88843]]
查询次数: 168000
置信度:
 [[0.      0.00015 0.86919 0.00003 0.84362 0.00002 0.00025 0.91677 0.94403
  0.00023 0.85837 0.00395 0.      0.00001 0.09595 0.90345 0.00001 0.8917
  0.      0.88817]]
查询次数: 169000
置信度:
 [[0.      0.00013 0.86581 0.00003 0.89713 0.00002 0.00024 0.91268 0.94208
  0.00021 0.87108 0.00333 0.      0.00001 0.08318 0.90374 0.00001 0.88018
  0.      0.88231]]
查询次数: 170000
置信度:
 [[0.      0.00014 0.86285 0.00003 0.91232 0.00002 0.00025 0.91274 0.94409
  0.00021 0.87361 0.00326 0.      0.00001 0.09016 0.90554 0.00002 0.87313
  0.      0.87438]]
查询次数: 171000
置信度:
 [[0.      0.00013 0.85675 0.00003 0.90967 0.00002 0.00022 0.8949  0.94746
  0.00019 0.87567 0.00467 0.      0.00001 0.08892 0.90145 0.00002 0.86514
  0.      0.88773]]
查询次数: 172000
置信度:
 [[0.      0.00014 0.88796 0.00005 0.86811 0.00002 0.00025 0.91185 0.94161
  0.00022 0.87652 0.00541 0.      0.00001 0.07485 0.90301 0.00001 0.90296
  0.      0.83983]]
查询次数: 173000
置信度:
 [[0.      0.00012 0.86747 0.00004 0.90962 0.00002 0.00022 0.90583 0.94737
  0.00018 0.88026 0.0047  0.      0.      0.07266 0.90901 0.00001 0.89542
  0.      0.88478]]
查询次数: 174000
置信度:
 [[0.      0.00011 0.86629 0.00004 0.90853 0.00002 0.00022 0.90664 0.94609
  0.00018 0.88238 0.00479 0.      0.      0.07423 0.90233 0.00001 0.89384
  0.      0.88426]]
查询次数: 175000
置信度:
 [[0.      0.00011 0.89689 0.00004 0.91137 0.00002 0.00024 0.90179 0.94323
  0.00016 0.87241 0.00491 0.      0.      0.07081 0.89503 0.00001 0.89712
  0.      0.88212]]
查询次数: 176000
置信度:
 [[0.      0.00011 0.87306 0.00004 0.9107  0.00002 0.00021 0.91804 0.94643
  0.00016 0.88083 0.00506 0.      0.      0.07456 0.9093  0.00001 0.89572
  0.      0.88533]]
查询次数: 177000
置信度:
 [[0.      0.0001  0.88206 0.00004 0.91428 0.00002 0.00022 0.917   0.94914
  0.00016 0.88413 0.00552 0.      0.      0.07717 0.86576 0.00001 0.8952
  0.      0.88473]]
查询次数: 178000
置信度:
 [[0.      0.00009 0.87472 0.00004 0.91586 0.00002 0.00021 0.9196  0.95009
  0.00016 0.88464 0.00492 0.      0.      0.07329 0.90616 0.00001 0.89435
  0.      0.90119]]
查询次数: 179000
置信度:
 [[0.      0.00009 0.88328 0.00004 0.92175 0.00001 0.00017 0.92142 0.95573
  0.00015 0.88457 0.00407 0.      0.      0.07036 0.9066  0.00001 0.88998
  0.      0.90467]]
查询次数: 180000
置信度:
 [[0.      0.00008 0.87607 0.00003 0.91513 0.00001 0.00016 0.92158 0.95415
  0.00014 0.88718 0.00397 0.      0.      0.06466 0.90304 0.00001 0.88837
  0.      0.88959]]
查询次数: 181000
置信度:
 [[0.      0.00008 0.89165 0.00005 0.90145 0.00001 0.00017 0.92592 0.94724
  0.00019 0.89339 0.00524 0.      0.      0.06615 0.91328 0.00001 0.91505
  0.      0.85527]]
查询次数: 182000
置信度:
 [[0.      0.00009 0.84322 0.00005 0.92354 0.00001 0.00014 0.84496 0.95444
  0.00015 0.88658 0.01059 0.      0.      0.06377 0.89852 0.00001 0.90817
  0.      0.90509]]
查询次数: 183000
置信度:
 [[0.      0.0001  0.89029 0.00004 0.9158  0.00001 0.00017 0.92268 0.95529
  0.00016 0.87617 0.00484 0.      0.      0.06139 0.90369 0.00001 0.91022
  0.      0.89603]]
查询次数: 184000
置信度:
 [[0.      0.0001  0.89822 0.00004 0.92145 0.00001 0.00018 0.92255 0.95408
  0.00016 0.88654 0.00431 0.      0.      0.06447 0.9173  0.00001 0.90999
  0.      0.90308]]
查询次数: 185000
置信度:
 [[0.      0.0001  0.89648 0.00003 0.92864 0.00001 0.00017 0.92083 0.95485
  0.00016 0.8915  0.00389 0.      0.      0.06464 0.90235 0.00001 0.91139
  0.      0.9055 ]]
查询次数: 186000
置信度:
 [[0.      0.00009 0.87503 0.00003 0.91918 0.00001 0.00015 0.91217 0.94984
  0.00015 0.88782 0.00382 0.      0.      0.05955 0.90819 0.00001 0.91425
  0.      0.92845]]
查询次数: 187000
置信度:
 [[0.      0.00009 0.88768 0.00003 0.92075 0.00001 0.00016 0.91926 0.94966
  0.00016 0.89025 0.00408 0.      0.      0.06534 0.91674 0.00001 0.91124
  0.      0.92738]]
查询次数: 188000
置信度:
 [[0.      0.00009 0.89499 0.00003 0.92139 0.00001 0.00015 0.91606 0.94601
  0.00016 0.88435 0.00361 0.      0.      0.06008 0.91752 0.00001 0.90489
  0.      0.9237 ]]
查询次数: 189000
置信度:
 [[0.      0.00009 0.82951 0.00004 0.92431 0.00002 0.00014 0.91946 0.94314
  0.00016 0.87401 0.00323 0.      0.      0.06291 0.92622 0.00001 0.91901
  0.      0.93213]]
查询次数: 190000
置信度:
 [[0.      0.00009 0.89212 0.00003 0.92202 0.00001 0.00015 0.90257 0.94579
  0.00015 0.88789 0.0041  0.      0.      0.06538 0.91862 0.00001 0.91444
  0.      0.92533]]
查询次数: 191000
置信度:
 [[0.      0.00009 0.8957  0.00003 0.93072 0.00001 0.00016 0.92179 0.95527
  0.00016 0.9059  0.00395 0.      0.      0.06837 0.87922 0.00001 0.91963
  0.      0.91976]]
查询次数: 192000
置信度:
 [[0.      0.00009 0.88902 0.00003 0.93043 0.00002 0.00017 0.92818 0.95314
  0.00015 0.8943  0.00376 0.      0.      0.06786 0.92368 0.00001 0.91774
  0.      0.91736]]
查询次数: 193000
置信度:
 [[0.      0.00009 0.89374 0.00003 0.92938 0.00002 0.00015 0.92975 0.95274
  0.00015 0.90609 0.00356 0.      0.      0.06187 0.92209 0.00001 0.90915
  0.      0.91531]]
查询次数: 194000
置信度:
 [[0.      0.0001  0.90624 0.00003 0.83478 0.00001 0.00015 0.93128 0.95536
  0.00018 0.90786 0.004   0.      0.      0.06994 0.92007 0.00001 0.92498
  0.      0.91821]]
查询次数: 195000
置信度:
 [[0.      0.00007 0.74422 0.00004 0.93218 0.00001 0.00013 0.86855 0.95118
  0.00015 0.89916 0.01119 0.      0.      0.07726 0.94122 0.00001 0.92632
  0.      0.93404]]
查询次数: 196000
置信度:
 [[0.      0.00007 0.91088 0.00003 0.92402 0.00001 0.00017 0.91417 0.95029
  0.00019 0.90802 0.00392 0.      0.      0.07363 0.91995 0.00001 0.90799
  0.      0.88418]]
查询次数: 197000
置信度:
 [[0.      0.00007 0.90373 0.00003 0.9339  0.00001 0.00014 0.9285  0.95838
  0.00015 0.91141 0.0035  0.      0.      0.06419 0.92474 0.00001 0.91583
  0.      0.91988]]
查询次数: 198000
置信度:
 [[0.      0.00007 0.90863 0.00003 0.93216 0.00001 0.00015 0.92768 0.95776
  0.00014 0.90871 0.00351 0.      0.      0.06419 0.92221 0.00001 0.91345
  0.      0.92209]]
查询次数: 199000
置信度:
 [[0.      0.00008 0.90768 0.00003 0.90719 0.00001 0.00014 0.93818 0.96024
  0.00015 0.9093  0.00355 0.      0.      0.06349 0.92741 0.00001 0.92105
  0.      0.92499]]
查询次数: 200000
置信度:
 [[0.      0.00008 0.88199 0.00003 0.92453 0.00001 0.00014 0.91062 0.95805
  0.00012 0.88641 0.00634 0.      0.      0.05013 0.92207 0.00001 0.92036
  0.      0.92704]]
查询次数: 201000
置信度:
 [[0.      0.00007 0.91139 0.00003 0.93155 0.00001 0.00013 0.93133 0.95829
  0.00015 0.9107  0.0041  0.      0.      0.05754 0.93316 0.00001 0.92369
  0.      0.91358]]
查询次数: 202000
置信度:
 [[0.      0.00007 0.91068 0.00002 0.92564 0.00001 0.00011 0.93562 0.96276
  0.00015 0.92095 0.00384 0.      0.      0.0532  0.92749 0.00001 0.9267
  0.      0.91459]]
查询次数: 203000
置信度:
 [[0.      0.00008 0.91021 0.00002 0.93237 0.00001 0.00012 0.93809 0.96418
  0.00015 0.91979 0.00435 0.      0.      0.05076 0.93531 0.00001 0.93333
  0.      0.92158]]
查询次数: 204000
置信度:
 [[0.      0.00008 0.91628 0.00003 0.92233 0.00001 0.00011 0.94268 0.96692
  0.00015 0.9194  0.0048  0.      0.      0.04953 0.93898 0.00001 0.93505
  0.      0.91322]]
查询次数: 205000
置信度:
 [[0.      0.00007 0.91302 0.00002 0.93309 0.00001 0.00011 0.94089 0.96791
  0.00015 0.92051 0.00468 0.      0.      0.04909 0.94251 0.00001 0.93732
  0.      0.92454]]
查询次数: 206000
置信度:
 [[0.      0.00007 0.91392 0.00002 0.93657 0.00001 0.00012 0.93727 0.96696
  0.00013 0.9239  0.00442 0.      0.      0.04835 0.94786 0.00001 0.934
  0.      0.92564]]
查询次数: 207000
置信度:
 [[0.      0.00007 0.92575 0.00002 0.93523 0.00001 0.00011 0.93641 0.96716
  0.00014 0.92166 0.00461 0.      0.      0.04661 0.94339 0.00001 0.93736
  0.      0.9281 ]]
查询次数: 208000
置信度:
 [[0.      0.00007 0.92364 0.00002 0.93666 0.00001 0.00011 0.93997 0.96907
  0.00014 0.92461 0.00478 0.      0.      0.05065 0.94006 0.00001 0.94018
  0.      0.92875]]
查询次数: 209000
置信度:
 [[0.      0.00007 0.92278 0.00002 0.94104 0.00001 0.00011 0.93515 0.96908
  0.00015 0.93004 0.00402 0.      0.      0.05253 0.95004 0.00001 0.93878
  0.      0.93544]]
查询次数: 210000
置信度:
 [[0.      0.00007 0.92295 0.00002 0.94064 0.00001 0.00012 0.94074 0.96901
  0.00018 0.9292  0.00421 0.      0.      0.05037 0.9496  0.00001 0.94153
  0.      0.93658]]
查询次数: 211000
置信度:
 [[0.      0.00007 0.92686 0.00002 0.93939 0.00001 0.00012 0.9451  0.96965
  0.00017 0.93288 0.00371 0.      0.      0.05263 0.94514 0.00001 0.94332
  0.      0.93513]]
查询次数: 212000
置信度:
 [[0.      0.00007 0.92615 0.00002 0.93905 0.00001 0.00012 0.95031 0.96861
  0.00018 0.93046 0.00454 0.      0.      0.04787 0.94794 0.00001 0.94286
  0.      0.93743]]
查询次数: 213000
置信度:
 [[0.      0.00007 0.92883 0.00002 0.94004 0.00001 0.00011 0.94986 0.96885
  0.00017 0.93361 0.00425 0.      0.      0.05201 0.95326 0.00001 0.94055
  0.      0.93707]]
查询次数: 214000
置信度:
 [[0.      0.00007 0.92716 0.00002 0.94076 0.00001 0.00011 0.95005 0.97048
  0.00014 0.93448 0.00567 0.      0.      0.04522 0.95452 0.00001 0.94729
  0.      0.94048]]
查询次数: 215000
置信度:
 [[0.      0.00007 0.92868 0.00002 0.94452 0.00001 0.00012 0.95023 0.97102
  0.00015 0.93981 0.00492 0.      0.      0.04911 0.95447 0.00001 0.94383
  0.      0.93736]]
查询次数: 216000
置信度:
 [[0.      0.00007 0.93215 0.00002 0.94681 0.00001 0.00012 0.94837 0.97101
  0.00016 0.93524 0.00482 0.      0.      0.04759 0.95776 0.00001 0.94471
  0.      0.94261]]
查询次数: 217000
置信度:
 [[0.      0.00007 0.93392 0.00002 0.94953 0.00001 0.00013 0.95232 0.97166
  0.00017 0.93693 0.00521 0.      0.      0.04832 0.95594 0.00001 0.94668
  0.      0.93714]]
查询次数: 218000
置信度:
 [[0.      0.00007 0.93155 0.00002 0.94795 0.00001 0.00012 0.95155 0.97222
  0.00015 0.93973 0.00547 0.      0.      0.04333 0.95398 0.00001 0.94681
  0.      0.94093]]
查询次数: 219000
置信度:
 [[0.      0.00007 0.91603 0.00002 0.9458  0.00001 0.00012 0.95851 0.97213
  0.00018 0.94776 0.00479 0.      0.      0.04616 0.95308 0.00001 0.94153
  0.      0.94737]]
查询次数: 220000
置信度:
 [[0.      0.00007 0.93918 0.00002 0.94555 0.00001 0.00011 0.9559  0.97025
  0.00016 0.93823 0.00475 0.      0.      0.04074 0.95453 0.00001 0.94615
  0.      0.95101]]
查询次数: 221000
置信度:
 [[0.      0.00007 0.93525 0.00002 0.95102 0.00001 0.00011 0.95399 0.97086
  0.00016 0.93978 0.00463 0.      0.      0.03963 0.95587 0.00001 0.94316
  0.      0.95072]]
查询次数: 222000
置信度:
 [[0.      0.00007 0.93953 0.00002 0.95169 0.00001 0.00011 0.9562  0.9723
  0.00015 0.94023 0.0055  0.      0.      0.04483 0.95491 0.00001 0.93629
  0.      0.94482]]
查询次数: 223000
置信度:
 [[0.      0.00007 0.93998 0.00002 0.95201 0.00001 0.00011 0.95654 0.973
  0.00015 0.93855 0.00504 0.      0.      0.04397 0.95343 0.00001 0.94645
  0.      0.94859]]
查询次数: 224000
置信度:
 [[0.      0.00007 0.94128 0.00002 0.95281 0.00001 0.00011 0.95687 0.97334
  0.00016 0.94066 0.00501 0.      0.      0.04237 0.95539 0.00001 0.94742
  0.      0.94501]]
查询次数: 225000
置信度:
 [[0.      0.00008 0.94703 0.00002 0.95607 0.00001 0.00011 0.95642 0.9739
  0.00017 0.94494 0.00438 0.      0.      0.044   0.9565  0.00001 0.94769
  0.      0.93967]]
查询次数: 226000
置信度:
 [[0.      0.00009 0.94431 0.00002 0.95834 0.00001 0.00011 0.95322 0.97296
  0.00017 0.94302 0.00408 0.      0.      0.04225 0.96311 0.00001 0.95376
  0.      0.95291]]
查询次数: 227000
置信度:
 [[0.      0.00009 0.93463 0.00002 0.96124 0.00001 0.00012 0.95201 0.9757
  0.00016 0.95075 0.00519 0.      0.      0.04465 0.96007 0.00001 0.95484
  0.      0.95449]]
查询次数: 228000
置信度:
 [[0.      0.00009 0.93922 0.00002 0.958   0.00001 0.00012 0.95607 0.97468
  0.00016 0.94569 0.00528 0.      0.      0.04284 0.95935 0.00001 0.95852
  0.      0.94752]]
查询次数: 229000
置信度:
 [[0.      0.00009 0.94539 0.00002 0.9572  0.00001 0.00011 0.95466 0.97559
  0.00015 0.94709 0.00503 0.      0.      0.04035 0.96339 0.00001 0.95691
  0.      0.95215]]
查询次数: 230000
置信度:
 [[0.      0.00009 0.94238 0.00002 0.95922 0.00001 0.00012 0.95579 0.97657
  0.00015 0.94885 0.00512 0.      0.      0.04073 0.96673 0.00001 0.96094
  0.      0.95489]]
查询次数: 231000
置信度:
 [[0.      0.00009 0.94652 0.00002 0.95921 0.00001 0.00012 0.95745 0.97685
  0.00015 0.95001 0.0052  0.      0.      0.04184 0.9668  0.00001 0.96052
  0.      0.95435]]
查询次数: 232000
置信度:
 [[0.      0.00009 0.94972 0.00002 0.95808 0.00001 0.00012 0.96034 0.97652
  0.00017 0.94883 0.00564 0.      0.      0.03927 0.96822 0.00001 0.95976
  0.      0.95379]]
查询次数: 233000
置信度:
 [[0.      0.00009 0.94976 0.00002 0.95925 0.00001 0.00012 0.96227 0.97762
  0.00015 0.94826 0.00559 0.      0.      0.04036 0.96749 0.00001 0.96003
  0.      0.95495]]
查询次数: 234000
置信度:
 [[0.      0.0001  0.95067 0.00002 0.94663 0.00001 0.00012 0.96428 0.97787
  0.00016 0.94788 0.0058  0.      0.      0.04076 0.96699 0.00001 0.95995
  0.      0.95789]]
查询次数: 235000
置信度:
 [[0.      0.00009 0.94816 0.00002 0.96319 0.00001 0.00012 0.9639  0.97751
  0.00015 0.94776 0.00556 0.      0.      0.03968 0.96875 0.00001 0.96268
  0.      0.95494]]
查询次数: 236000
置信度:
 [[0.      0.00009 0.94937 0.00002 0.96304 0.00001 0.00012 0.96599 0.97769
  0.00016 0.94816 0.00471 0.      0.      0.03957 0.96866 0.00001 0.95839
  0.      0.95626]]
查询次数: 237000
置信度:
 [[0.      0.00009 0.95017 0.00002 0.96332 0.00001 0.00012 0.96663 0.97749
  0.00015 0.95001 0.00477 0.      0.      0.03915 0.96899 0.00001 0.95768
  0.      0.9559 ]]
查询次数: 238000
置信度:
 [[0.      0.00008 0.94939 0.00002 0.9603  0.00001 0.00012 0.96642 0.97903
  0.00015 0.95243 0.0047  0.      0.      0.04045 0.96502 0.00001 0.95842
  0.      0.95451]]
查询次数: 239000
置信度:
 [[0.      0.00008 0.94791 0.00002 0.96243 0.00001 0.00011 0.96646 0.97843
  0.00016 0.95008 0.00482 0.      0.      0.03642 0.96738 0.00001 0.95956
  0.      0.95617]]
查询次数: 240000
置信度:
 [[0.      0.00009 0.94833 0.00002 0.96352 0.00001 0.00011 0.96901 0.97727
  0.00013 0.94612 0.00467 0.      0.      0.03772 0.96672 0.00001 0.9605
  0.      0.95237]]
查询次数: 241000
置信度:
 [[0.      0.00009 0.95021 0.00001 0.96274 0.00001 0.0001  0.96732 0.97919
  0.00015 0.94837 0.00467 0.      0.      0.03525 0.96708 0.00001 0.95918
  0.      0.9603 ]]
查询次数: 242000
置信度:
 [[0.      0.00008 0.94865 0.00001 0.9634  0.00001 0.00011 0.96896 0.97944
  0.00015 0.94798 0.00437 0.      0.      0.03459 0.96919 0.00001 0.95937
  0.      0.96097]]
查询次数: 243000
置信度:
 [[0.      0.00008 0.95127 0.00001 0.96339 0.00001 0.0001  0.96773 0.98036
  0.00016 0.94994 0.00456 0.      0.      0.03431 0.96792 0.00001 0.95974
  0.      0.96091]]
查询次数: 244000
置信度:
 [[0.      0.00009 0.93109 0.00002 0.96726 0.00001 0.0001  0.9629  0.97709
  0.00018 0.94938 0.0053  0.      0.      0.03721 0.9711  0.00001 0.96217
  0.      0.96237]]
查询次数: 245000
置信度:
 [[0.      0.00009 0.95074 0.00001 0.96306 0.00001 0.00011 0.969   0.97924
  0.00016 0.95027 0.00432 0.      0.      0.03504 0.97074 0.      0.96221
  0.      0.95367]]
查询次数: 246000
置信度:
 [[0.      0.00009 0.95561 0.00002 0.96452 0.00001 0.00011 0.96932 0.97976
  0.00019 0.95293 0.00473 0.      0.      0.04053 0.96708 0.00001 0.96292
  0.      0.95741]]
查询次数: 247000
置信度:
 [[0.      0.00009 0.95534 0.00002 0.96541 0.00001 0.00011 0.96962 0.9801
  0.00018 0.95365 0.00493 0.      0.      0.03896 0.97016 0.00001 0.96454
  0.      0.95713]]
查询次数: 248000
置信度:
 [[0.      0.00008 0.95634 0.00002 0.97055 0.00001 0.00011 0.96896 0.98061
  0.00016 0.95295 0.00473 0.      0.      0.03611 0.97247 0.00001 0.96334
  0.      0.95801]]
查询次数: 249000
置信度:
 [[0.      0.00008 0.95709 0.00001 0.96987 0.00001 0.00011 0.96937 0.98096
  0.00016 0.95353 0.00458 0.      0.      0.03834 0.97207 0.00001 0.96414
  0.      0.95774]]
查询次数: 250000
置信度:
 [[0.      0.00009 0.95791 0.00002 0.9677  0.00001 0.00011 0.96863 0.98056
  0.00016 0.95283 0.00476 0.      0.      0.03687 0.97226 0.00001 0.96479
  0.      0.9606 ]]
查询次数: 251000
置信度:
 [[0.      0.00009 0.95715 0.00002 0.96706 0.00001 0.00011 0.96815 0.98105
  0.00016 0.9535  0.00489 0.      0.      0.03763 0.97193 0.00001 0.96502
  0.      0.96177]]
查询次数: 252000
置信度:
 [[0.      0.0001  0.95771 0.00001 0.96622 0.00001 0.00014 0.97099 0.9798
  0.00018 0.93936 0.00487 0.      0.      0.03516 0.97049 0.00001 0.96655
  0.      0.96094]]
查询次数: 253000
置信度:
 [[0.      0.00009 0.95837 0.00002 0.96842 0.00001 0.00012 0.96893 0.98037
  0.00016 0.95452 0.00454 0.      0.      0.03733 0.9727  0.00001 0.96603
  0.      0.96098]]
查询次数: 254000
置信度:
 [[0.      0.0001  0.96012 0.00002 0.96766 0.00001 0.00012 0.96821 0.98101
  0.00017 0.95394 0.00469 0.      0.      0.03653 0.97286 0.00001 0.96583
  0.      0.96178]]
查询次数: 255000
置信度:
 [[0.      0.00011 0.96139 0.00001 0.96661 0.00001 0.00012 0.96291 0.98006
  0.00016 0.95207 0.00432 0.      0.      0.03565 0.96785 0.00001 0.96222
  0.      0.96061]]
查询次数: 256000
置信度:
 [[0.      0.00011 0.95925 0.00001 0.96548 0.00001 0.00012 0.96599 0.98191
  0.00018 0.95642 0.00446 0.      0.      0.03499 0.97176 0.00001 0.96438
  0.      0.96357]]
查询次数: 257000
置信度:
 [[0.      0.0001  0.96183 0.00002 0.9669  0.00001 0.00012 0.96524 0.9815
  0.00018 0.956   0.00443 0.      0.      0.03687 0.96955 0.00001 0.95942
  0.      0.96142]]
查询次数: 258000
置信度:
 [[0.      0.0001  0.95916 0.00002 0.96879 0.00001 0.00012 0.96717 0.98298
  0.00018 0.9589  0.00433 0.      0.      0.03293 0.97008 0.00001 0.9664
  0.      0.96296]]
查询次数: 259000
置信度:
 [[0.      0.0001  0.94919 0.00001 0.97169 0.00001 0.00012 0.967   0.9843
  0.00017 0.96227 0.00398 0.      0.      0.03128 0.97406 0.00001 0.96487
  0.      0.96468]]
查询次数: 260000
置信度:
 [[0.      0.00009 0.95913 0.00001 0.97128 0.00001 0.00012 0.96603 0.98378
  0.00015 0.96035 0.00486 0.      0.      0.03064 0.97209 0.      0.96655
  0.      0.96311]]
查询次数: 261000
置信度:
 [[0.      0.00009 0.9536  0.00001 0.96977 0.00001 0.00011 0.96205 0.98157
  0.00015 0.95009 0.00608 0.      0.      0.02854 0.973   0.00001 0.96924
  0.      0.96272]]
查询次数: 262000
置信度:
 [[0.      0.00009 0.95811 0.00001 0.96849 0.00001 0.00012 0.96497 0.98312
  0.00014 0.95887 0.00454 0.      0.      0.03032 0.97312 0.00001 0.96518
  0.      0.96403]]
查询次数: 263000
置信度:
 [[0.      0.00009 0.96049 0.00001 0.97024 0.00001 0.00012 0.96537 0.98504
  0.00015 0.96263 0.00477 0.      0.      0.02987 0.97503 0.      0.96582
  0.      0.9627 ]]
查询次数: 264000
置信度:
 [[0.      0.00008 0.96526 0.00001 0.96911 0.00001 0.00012 0.96112 0.98307
  0.00014 0.96077 0.00423 0.      0.      0.03073 0.97307 0.      0.96381
  0.      0.96173]]
查询次数: 265000
置信度:
 [[0.      0.00008 0.95283 0.00001 0.97005 0.00001 0.00013 0.96691 0.98378
  0.00013 0.96085 0.00492 0.      0.      0.03061 0.97328 0.00001 0.9687
  0.      0.9664 ]]
查询次数: 266000
置信度:
 [[0.      0.00008 0.95081 0.00001 0.97178 0.00001 0.00011 0.9597  0.98454
  0.00013 0.95783 0.00577 0.      0.      0.02757 0.97816 0.00001 0.96899
  0.      0.96832]]
查询次数: 267000
置信度:
 [[0.      0.00009 0.96219 0.00001 0.97073 0.00001 0.00012 0.96924 0.98426
  0.00015 0.96017 0.00433 0.      0.      0.03033 0.97455 0.      0.96933
  0.      0.96852]]
查询次数: 268000
置信度:
 [[0.      0.00009 0.96348 0.00001 0.96918 0.00001 0.00012 0.96857 0.98401
  0.00014 0.95923 0.00421 0.      0.      0.03006 0.97518 0.      0.96842
  0.      0.96833]]
查询次数: 269000
置信度:
 [[0.      0.00008 0.96279 0.00001 0.97182 0.00001 0.00013 0.96537 0.98311
  0.00014 0.96034 0.00411 0.      0.      0.03196 0.97412 0.00001 0.96615
  0.      0.96077]]
查询次数: 270000
置信度:
 [[0.      0.00008 0.9653  0.00001 0.97395 0.00001 0.00013 0.9698  0.98427
  0.00016 0.96114 0.00435 0.      0.      0.03091 0.97476 0.00001 0.966
  0.      0.95972]]
查询次数: 271000
置信度:
 [[0.      0.00008 0.96288 0.00001 0.97338 0.00001 0.00012 0.96965 0.98419
  0.00015 0.96066 0.00396 0.      0.      0.02901 0.97432 0.      0.96709
  0.      0.96892]]
查询次数: 272000
置信度:
 [[0.      0.00008 0.9644  0.00001 0.97374 0.00001 0.00012 0.97024 0.98417
  0.00015 0.9602  0.00396 0.      0.      0.02869 0.97456 0.      0.96887
  0.      0.97007]]
查询次数: 273000
置信度:
 [[0.      0.00008 0.96263 0.00001 0.97293 0.00001 0.00011 0.96918 0.98507
  0.00014 0.96362 0.00386 0.      0.      0.02889 0.97293 0.      0.96962
  0.      0.96918]]
查询次数: 274000
置信度:
 [[0.      0.00008 0.96    0.00001 0.97327 0.00001 0.00011 0.96983 0.98433
  0.00014 0.96285 0.00427 0.      0.      0.02771 0.97499 0.      0.96992
  0.      0.96916]]
查询次数: 275000
置信度:
 [[0.      0.00008 0.96254 0.00001 0.97492 0.00001 0.00012 0.97081 0.98532
  0.00014 0.96414 0.00439 0.      0.      0.02914 0.97628 0.      0.96998
  0.      0.96869]]
查询次数: 276000
置信度:
 [[0.      0.00008 0.96124 0.00001 0.97308 0.00001 0.00011 0.97145 0.98465
  0.00014 0.96081 0.00391 0.      0.      0.02561 0.97513 0.      0.9709
  0.      0.96758]]
查询次数: 277000
置信度:
 [[0.      0.00008 0.9637  0.00001 0.9745  0.00001 0.00012 0.97276 0.98491
  0.00014 0.96232 0.0041  0.      0.      0.02891 0.97567 0.      0.97084
  0.      0.96926]]
查询次数: 278000
置信度:
 [[0.      0.00008 0.96309 0.00001 0.97618 0.00001 0.00012 0.97263 0.98556
  0.00014 0.96395 0.00387 0.      0.      0.02895 0.97526 0.      0.97149
  0.      0.96994]]
查询次数: 279000
置信度:
 [[0.      0.00008 0.96383 0.00001 0.97511 0.00001 0.00012 0.97283 0.98518
  0.00015 0.96378 0.00382 0.      0.      0.02855 0.97576 0.      0.97138
  0.      0.96953]]
查询次数: 280000
置信度:
 [[0.      0.00008 0.96371 0.00001 0.97605 0.00001 0.00012 0.97322 0.98507
  0.00015 0.96375 0.00381 0.      0.      0.02891 0.97618 0.      0.97165
  0.      0.96913]]
查询次数: 281000
置信度:
 [[0.      0.00008 0.9656  0.00001 0.9761  0.00001 0.00012 0.97076 0.98507
  0.00015 0.96476 0.00368 0.      0.      0.03035 0.97549 0.      0.96865
  0.      0.96637]]
查询次数: 282000
置信度:
 [[0.      0.00008 0.96523 0.00001 0.97537 0.00001 0.00012 0.97189 0.98533
  0.00013 0.96252 0.00391 0.      0.      0.02775 0.97398 0.      0.97043
  0.      0.97134]]
查询次数: 283000
置信度:
 [[0.      0.00009 0.9625  0.00001 0.97618 0.00001 0.00013 0.97101 0.98603
  0.00014 0.96403 0.0039  0.      0.      0.02959 0.97817 0.      0.9719
  0.      0.97195]]
查询次数: 284000
置信度:
 [[0.      0.00008 0.96354 0.00001 0.97781 0.00001 0.00012 0.97111 0.9864
  0.00014 0.96314 0.00375 0.      0.      0.0287  0.97755 0.      0.97043
  0.      0.97125]]
查询次数: 285000
置信度:
 [[0.      0.0001  0.97062 0.00001 0.97134 0.00001 0.00014 0.97437 0.98723
  0.00014 0.96298 0.0042  0.      0.      0.03041 0.97691 0.      0.97217
  0.      0.96733]]
查询次数: 286000
置信度:
 [[0.      0.00007 0.94825 0.00001 0.97481 0.00001 0.00011 0.97151 0.98271
  0.00009 0.94781 0.00331 0.      0.      0.03291 0.97501 0.      0.96792
  0.      0.96656]]
查询次数: 287000
置信度:
 [[0.      0.00008 0.96405 0.00001 0.97617 0.00001 0.00013 0.97244 0.9851
  0.00015 0.96113 0.00384 0.      0.      0.02789 0.97697 0.      0.97195
  0.      0.97308]]
查询次数: 288000
置信度:
 [[0.      0.00008 0.9639  0.00001 0.97581 0.00001 0.00012 0.97412 0.98589
  0.00014 0.96397 0.00367 0.      0.      0.0253  0.98097 0.      0.97218
  0.      0.97315]]
查询次数: 289000
置信度:
 [[0.      0.00008 0.96449 0.00001 0.97532 0.00001 0.00013 0.97362 0.9846
  0.00014 0.96288 0.00356 0.      0.      0.02604 0.97798 0.      0.9706
  0.      0.97207]]
查询次数: 290000
置信度:
 [[0.      0.00008 0.96198 0.00001 0.97619 0.00001 0.00012 0.97356 0.98571
  0.00015 0.96611 0.00368 0.      0.      0.02594 0.97999 0.      0.9712
  0.      0.97246]]
查询次数: 291000
置信度:
 [[0.      0.00007 0.96774 0.00001 0.97508 0.00001 0.00012 0.97301 0.9837
  0.00014 0.96243 0.00385 0.      0.      0.02513 0.97819 0.      0.96637
  0.      0.97207]]
查询次数: 292000
置信度:
 [[0.      0.00008 0.96896 0.00001 0.97533 0.00001 0.00014 0.97368 0.98231
  0.00019 0.96572 0.00455 0.      0.      0.02641 0.9785  0.      0.97331
  0.      0.9542 ]]
查询次数: 293000
置信度:
 [[0.      0.00008 0.96539 0.00001 0.97407 0.00001 0.00012 0.97222 0.98571
  0.00016 0.96642 0.00369 0.      0.      0.02659 0.97899 0.      0.97267
  0.      0.9734 ]]
查询次数: 294000
置信度:
 [[0.      0.00008 0.96764 0.00001 0.97583 0.00001 0.00013 0.97239 0.98551
  0.00016 0.96556 0.00376 0.      0.      0.02558 0.98094 0.      0.97338
  0.      0.97111]]
查询次数: 295000
置信度:
 [[0.      0.0001  0.97829 0.00002 0.94784 0.00001 0.00019 0.97562 0.98801
  0.00026 0.969   0.00569 0.      0.      0.03224 0.98178 0.00001 0.9768
  0.      0.91919]]
查询次数: 296000
置信度:
 [[0.      0.0001  0.97509 0.00002 0.91018 0.00001 0.00016 0.97721 0.98562
  0.00025 0.96947 0.00531 0.      0.      0.03562 0.98138 0.      0.97872
  0.      0.96108]]
查询次数: 297000
置信度:
 [[0.      0.00009 0.96913 0.00001 0.9729  0.00001 0.00012 0.97299 0.98583
  0.00015 0.96341 0.00402 0.      0.      0.0276  0.97824 0.      0.97199
  0.      0.97476]]
查询次数: 298000
置信度:
 [[0.      0.00008 0.96762 0.00001 0.97733 0.00001 0.00012 0.97163 0.98676
  0.00015 0.96779 0.00372 0.      0.      0.02775 0.98085 0.      0.97314
  0.      0.97463]]
查询次数: 299000
置信度:
 [[0.      0.00008 0.96824 0.00001 0.97718 0.00001 0.00012 0.97157 0.98678
  0.00015 0.96834 0.00372 0.      0.      0.02779 0.9766  0.      0.97286
  0.      0.9743 ]]
查询次数: 300000
置信度:
 [[0.      0.00009 0.9677  0.00001 0.97653 0.00001 0.00012 0.97173 0.98694
  0.00015 0.96617 0.00381 0.      0.      0.02779 0.98125 0.      0.97236
  0.      0.97462]]
查询次数: 301000
置信度:
 [[0.      0.00008 0.96807 0.00001 0.97793 0.00001 0.00013 0.97245 0.9868
  0.00015 0.96743 0.0039  0.      0.      0.02692 0.98157 0.      0.97413
  0.      0.97481]]
查询次数: 302000
置信度:
 [[0.      0.00008 0.96909 0.00001 0.97814 0.00001 0.00013 0.97187 0.98617
  0.00016 0.96892 0.00359 0.      0.      0.02535 0.98191 0.      0.9724
  0.      0.97214]]
查询次数: 303000
置信度:
 [[0.      0.00008 0.9715  0.00001 0.97631 0.00001 0.00013 0.97485 0.98595
  0.00015 0.96728 0.00347 0.      0.      0.0234  0.98028 0.      0.97054
  0.      0.97275]]
查询次数: 304000
置信度:
 [[0.      0.00009 0.97093 0.00001 0.97867 0.00001 0.00014 0.97747 0.98682
  0.00016 0.96795 0.00309 0.      0.      0.02453 0.98217 0.      0.97374
  0.      0.97275]]
查询次数: 305000
置信度:
 [[0.      0.00009 0.97134 0.00001 0.97704 0.00001 0.00015 0.9763  0.98672
  0.00016 0.9664  0.00312 0.      0.      0.02411 0.98166 0.      0.97272
  0.      0.97384]]
查询次数: 306000
置信度:
 [[0.      0.00009 0.96862 0.00001 0.97948 0.00001 0.00015 0.97886 0.98744
  0.00018 0.96848 0.00321 0.      0.      0.02385 0.98211 0.      0.97552
  0.      0.97451]]
查询次数: 307000
置信度:
 [[0.      0.00009 0.96932 0.00001 0.98005 0.00001 0.00016 0.97935 0.98736
  0.00018 0.96945 0.00306 0.      0.      0.02409 0.98208 0.      0.97504
  0.      0.97483]]
查询次数: 308000
置信度:
 [[0.      0.00009 0.971   0.00001 0.9799  0.00001 0.00017 0.98012 0.98876
  0.00016 0.9703  0.00329 0.      0.      0.02396 0.98107 0.      0.97641
  0.      0.9734 ]]
查询次数: 309000
置信度:
 [[0.      0.0001  0.971   0.00001 0.97761 0.00001 0.00017 0.98072 0.98927
  0.00018 0.97126 0.00328 0.      0.      0.02347 0.97961 0.      0.97688
  0.      0.97567]]
查询次数: 310000
置信度:
 [[0.      0.0001  0.97069 0.00001 0.97904 0.00001 0.00017 0.98092 0.98967
  0.0002  0.97156 0.00339 0.      0.      0.02227 0.98155 0.      0.97879
  0.      0.97583]]
查询次数: 311000
置信度:
 [[0.      0.0001  0.97062 0.00001 0.97883 0.00001 0.00017 0.97981 0.98974
  0.00019 0.97177 0.00328 0.      0.      0.02185 0.9817  0.      0.97849
  0.      0.97681]]
查询次数: 312000
置信度:
 [[0.      0.0001  0.97243 0.00001 0.98107 0.00001 0.00018 0.97863 0.98957
  0.00018 0.97169 0.00305 0.      0.      0.02034 0.98216 0.      0.97788
  0.      0.97657]]
查询次数: 313000
置信度:
 [[0.      0.0001  0.97502 0.00001 0.98172 0.00001 0.00017 0.97977 0.98971
  0.00019 0.97149 0.00317 0.      0.      0.02085 0.98157 0.      0.97719
  0.      0.9772 ]]
查询次数: 314000
置信度:
 [[0.      0.00009 0.97279 0.00001 0.97968 0.00001 0.00018 0.97982 0.989
  0.00019 0.96958 0.00312 0.      0.      0.01885 0.98117 0.      0.97707
  0.      0.977  ]]
查询次数: 315000
置信度:
 [[0.      0.0001  0.97439 0.00001 0.98071 0.00001 0.00017 0.98084 0.9902
  0.00019 0.97288 0.00331 0.      0.      0.01983 0.9817  0.      0.97817
  0.      0.97839]]
查询次数: 316000
置信度:
 [[0.      0.00011 0.97557 0.00002 0.97848 0.00001 0.0002  0.98166 0.99106
  0.0002  0.97382 0.00329 0.      0.      0.02102 0.98249 0.      0.97812
  0.      0.97708]]
查询次数: 317000
置信度:
 [[0.      0.00011 0.9769  0.00002 0.97899 0.00001 0.00021 0.9815  0.99116
  0.00023 0.97356 0.00333 0.      0.      0.02218 0.9823  0.      0.97923
  0.      0.97743]]
查询次数: 318000
置信度:
 [[0.      0.00011 0.97605 0.00002 0.9805  0.00001 0.00021 0.982   0.9915
  0.00025 0.97457 0.00335 0.      0.      0.0218  0.98224 0.      0.97985
  0.      0.97606]]
查询次数: 319000
置信度:
 [[0.      0.00011 0.97573 0.00002 0.97955 0.00001 0.00022 0.98207 0.99182
  0.00025 0.97571 0.00337 0.      0.      0.02088 0.98506 0.      0.97984
  0.      0.97679]]
查询次数: 320000
置信度:
 [[0.      0.00011 0.97659 0.00002 0.97897 0.00001 0.00024 0.98141 0.99083
  0.00028 0.97353 0.00323 0.      0.      0.02005 0.9855  0.      0.97735
  0.      0.97721]]
查询次数: 321000
置信度:
 [[0.      0.00012 0.97688 0.00002 0.97978 0.00001 0.00025 0.9822  0.99142
  0.00033 0.97421 0.00351 0.      0.      0.02105 0.98545 0.      0.98106
  0.      0.97759]]
查询次数: 322000
置信度:
 [[0.      0.00012 0.97705 0.00002 0.98093 0.00001 0.00026 0.98252 0.99174
  0.00035 0.97469 0.00339 0.      0.      0.02078 0.98612 0.      0.98026
  0.      0.97677]]
查询次数: 323000
置信度:
 [[0.      0.00011 0.97804 0.00001 0.97961 0.00001 0.00026 0.98318 0.99087
  0.00038 0.97367 0.00322 0.      0.      0.02088 0.98558 0.      0.97984
  0.      0.97837]]
查询次数: 324000
置信度:
 [[0.      0.00015 0.97745 0.00002 0.98067 0.00001 0.00032 0.97954 0.99035
  0.00054 0.9736  0.00339 0.      0.      0.02415 0.98428 0.      0.98253
  0.      0.97566]]
查询次数: 325000
置信度:
 [[0.      0.00015 0.97942 0.00002 0.97952 0.00001 0.00032 0.97753 0.98936
  0.00068 0.97385 0.00238 0.      0.      0.02259 0.98574 0.      0.97957
  0.      0.97658]]
查询次数: 326000
置信度:
 [[0.      0.00017 0.97812 0.00002 0.98022 0.00001 0.00035 0.97753 0.98894
  0.00081 0.97171 0.00267 0.      0.      0.02308 0.98497 0.00001 0.98086
  0.      0.97695]]
查询次数: 327000
置信度:
 [[0.      0.00018 0.97685 0.00002 0.98034 0.00002 0.00037 0.97752 0.98839
  0.00089 0.96772 0.00261 0.      0.      0.02324 0.98425 0.00001 0.97926
  0.      0.97819]]
查询次数: 328000
置信度:
 [[0.      0.00017 0.975   0.00002 0.97874 0.00001 0.00046 0.9772  0.98898
  0.00128 0.9727  0.00314 0.      0.      0.02432 0.98451 0.00001 0.98145
  0.      0.97411]]
查询次数: 329000
置信度:
 [[0.      0.00019 0.97284 0.00002 0.96455 0.00001 0.00055 0.97739 0.98461
  0.00408 0.96349 0.00344 0.      0.      0.02811 0.97909 0.00001 0.97607
  0.      0.9528 ]]
查询次数: 330000
置信度:
 [[0.      0.00033 0.92586 0.00004 0.91719 0.00002 0.00059 0.94015 0.97518
  0.03765 0.93298 0.00848 0.      0.00002 0.05889 0.96137 0.00004 0.96359
  0.      0.85564]]
查询次数: 331000
置信度:
 [[0.      0.00034 0.89456 0.00002 0.82758 0.00002 0.00053 0.84579 0.93415
  0.21295 0.84649 0.01208 0.00001 0.00003 0.08408 0.88993 0.00009 0.92594
  0.      0.81539]]
查询次数: 332000
置信度:
 [[0.      0.00042 0.71745 0.00003 0.77824 0.00003 0.00069 0.76941 0.91661
  0.3674  0.80348 0.03667 0.00001 0.00003 0.11994 0.8605  0.00014 0.92654
  0.00001 0.70549]]
查询次数: 333000
置信度:
 [[0.      0.00041 0.78628 0.00002 0.79687 0.00002 0.00046 0.84006 0.89247
  0.61318 0.81399 0.00985 0.00001 0.00003 0.12563 0.84465 0.00014 0.90821
  0.00001 0.72865]]
查询次数: 334000
置信度:
 [[0.      0.00042 0.81853 0.00002 0.82902 0.00002 0.00045 0.84855 0.894
  0.6722  0.83333 0.00995 0.00001 0.00003 0.13509 0.84966 0.00018 0.90123
  0.00001 0.75122]]
查询次数: 335000
置信度:
 [[0.      0.00039 0.82806 0.00003 0.84069 0.00002 0.00045 0.85821 0.90164
  0.69695 0.83424 0.01006 0.00001 0.00003 0.14133 0.8626  0.00021 0.90211
  0.00001 0.79802]]
查询次数: 336000
置信度:
 [[0.      0.00044 0.83156 0.00003 0.85591 0.00002 0.00047 0.84863 0.90464
  0.75043 0.8435  0.00902 0.00001 0.00003 0.14779 0.8612  0.00021 0.90882
  0.      0.82247]]
查询次数: 337000
置信度:
 [[0.      0.00042 0.85158 0.00003 0.86114 0.00002 0.00046 0.85765 0.90102
  0.77124 0.84351 0.00806 0.00001 0.00003 0.14074 0.88759 0.00023 0.90161
  0.00001 0.82969]]
查询次数: 338000
置信度:
 [[0.      0.00044 0.85596 0.00003 0.86105 0.00002 0.00047 0.86207 0.91337
  0.78109 0.85287 0.0078  0.00001 0.00003 0.13624 0.85789 0.00024 0.90369
  0.00001 0.83796]]
查询次数: 339000
置信度:
 [[0.      0.00039 0.86231 0.00003 0.85778 0.00002 0.00046 0.87997 0.91201
  0.7985  0.85522 0.00786 0.00001 0.00003 0.10949 0.91517 0.00018 0.91784
  0.      0.84517]]
查询次数: 340000
置信度:
 [[0.      0.0004  0.86707 0.00003 0.86871 0.00002 0.00049 0.88237 0.91583
  0.81422 0.85988 0.00826 0.00001 0.00003 0.11271 0.90798 0.00018 0.91631
  0.00001 0.83947]]
查询次数: 341000
置信度:
 [[0.      0.00043 0.8752  0.00003 0.88417 0.00002 0.00049 0.86924 0.91801
  0.81867 0.85796 0.00849 0.00001 0.00002 0.10965 0.91847 0.00018 0.92685
  0.      0.85202]]
查询次数: 342000
置信度:
 [[0.      0.00037 0.86022 0.00003 0.89209 0.00002 0.00043 0.88753 0.91806
  0.82049 0.86788 0.00804 0.00001 0.00002 0.1104  0.92119 0.00017 0.92248
  0.00001 0.84569]]
查询次数: 343000
置信度:
 [[0.      0.00044 0.87182 0.00002 0.88921 0.00002 0.00041 0.90276 0.9213
  0.83896 0.85786 0.00736 0.00001 0.00002 0.10458 0.91952 0.00017 0.91447
  0.00001 0.8516 ]]
查询次数: 344000
置信度:
 [[0.      0.00038 0.88631 0.00003 0.89241 0.00002 0.00039 0.89623 0.92983
  0.84328 0.88357 0.0106  0.00001 0.00002 0.10285 0.934   0.00018 0.92118
  0.      0.86429]]
查询次数: 345000
置信度:
 [[0.      0.00035 0.8831  0.00003 0.89848 0.00002 0.00035 0.89528 0.92986
  0.84705 0.88975 0.01214 0.00001 0.00002 0.09987 0.93667 0.00016 0.92256
  0.      0.87892]]
查询次数: 346000
置信度:
 [[0.      0.00034 0.8849  0.00003 0.90568 0.00002 0.00037 0.91593 0.93402
  0.84013 0.89966 0.01015 0.00001 0.00002 0.09713 0.93632 0.00015 0.92213
  0.      0.87456]]
查询次数: 347000
置信度:
 [[0.      0.00032 0.88875 0.00002 0.89463 0.00002 0.00037 0.91867 0.93343
  0.85723 0.89735 0.01073 0.00001 0.00002 0.09112 0.94268 0.00016 0.92896
  0.      0.87895]]
查询次数: 348000
置信度:
 [[0.      0.00028 0.87786 0.00002 0.8838  0.00001 0.00027 0.91188 0.91525
  0.83499 0.88444 0.00717 0.00001 0.00002 0.08383 0.93389 0.00013 0.9115
  0.      0.91257]]
查询次数: 349000
置信度:
 [[0.      0.00033 0.90084 0.00002 0.90779 0.00002 0.00036 0.91639 0.93284
  0.86216 0.89801 0.01049 0.00001 0.00002 0.09645 0.93783 0.00015 0.93466
  0.      0.89321]]
查询次数: 350000
置信度:
 [[0.      0.00036 0.90216 0.00003 0.90884 0.00002 0.00036 0.91643 0.93204
  0.87401 0.89946 0.00973 0.00001 0.00002 0.09183 0.94523 0.00018 0.9296
  0.      0.89876]]
查询次数: 351000
置信度:
 [[0.      0.00036 0.90987 0.00003 0.91054 0.00002 0.00036 0.92078 0.93367
  0.86161 0.90732 0.00937 0.00001 0.00002 0.09453 0.94454 0.00017 0.92859
  0.      0.89626]]
查询次数: 352000
置信度:
 [[0.      0.00036 0.91003 0.00003 0.91533 0.00002 0.00035 0.92096 0.93433
  0.87795 0.91043 0.00983 0.00001 0.00002 0.09118 0.93576 0.00016 0.93028
  0.      0.89951]]
查询次数: 353000
置信度:
 [[0.      0.00035 0.91379 0.00002 0.91564 0.00001 0.00035 0.92422 0.93707
  0.8813  0.91496 0.00905 0.00001 0.00002 0.08747 0.95019 0.00016 0.93541
  0.      0.90082]]
查询次数: 354000
置信度:
 [[0.      0.00036 0.91395 0.00002 0.9195  0.00001 0.00034 0.92154 0.93617
  0.8835  0.9156  0.00892 0.00001 0.00002 0.08296 0.95199 0.00016 0.93437
  0.      0.89968]]
查询次数: 355000
置信度:
 [[0.      0.00033 0.91598 0.00002 0.91462 0.00001 0.00036 0.91968 0.9353
  0.89386 0.91571 0.0091  0.00001 0.00002 0.08223 0.95087 0.00015 0.93112
  0.      0.90218]]
查询次数: 356000
置信度:
 [[0.      0.00036 0.92026 0.00002 0.92076 0.00001 0.00036 0.92534 0.93285
  0.8875  0.91522 0.00774 0.00001 0.00002 0.07728 0.95344 0.00015 0.93633
  0.      0.90209]]
查询次数: 357000
置信度:
 [[0.      0.00032 0.91824 0.00002 0.92844 0.00001 0.00035 0.92234 0.93441
  0.89373 0.91735 0.00799 0.      0.00002 0.06978 0.95421 0.00014 0.93883
  0.      0.9084 ]]
查询次数: 358000
置信度:
 [[0.      0.00033 0.91064 0.00002 0.92622 0.00001 0.00037 0.93355 0.93746
  0.89315 0.91878 0.00744 0.00001 0.00002 0.0755  0.95559 0.00014 0.94292
  0.      0.9138 ]]
查询次数: 359000
置信度:
 [[0.      0.00033 0.91668 0.00002 0.92433 0.00001 0.00037 0.93595 0.94018
  0.89764 0.91833 0.00761 0.00001 0.00002 0.07279 0.95516 0.00013 0.94284
  0.      0.91412]]
查询次数: 360000
置信度:
 [[0.      0.00033 0.91734 0.00002 0.92631 0.00001 0.00039 0.93452 0.93686
  0.90016 0.91581 0.00712 0.      0.00002 0.06753 0.95198 0.00013 0.94096
  0.      0.90493]]
查询次数: 361000
置信度:
 [[0.      0.00033 0.92443 0.00002 0.92525 0.00001 0.00034 0.93285 0.93716
  0.89964 0.9211  0.00712 0.      0.00002 0.06972 0.95738 0.00013 0.94272
  0.      0.91267]]
查询次数: 362000
置信度:
 [[0.      0.00032 0.92746 0.00002 0.92375 0.00001 0.00036 0.93323 0.94161
  0.90206 0.9213  0.00675 0.      0.00002 0.06797 0.9564  0.00012 0.94599
  0.      0.91086]]
查询次数: 363000
置信度:
 [[0.      0.00032 0.92222 0.00002 0.93199 0.00001 0.00034 0.93351 0.94224
  0.89837 0.92459 0.00691 0.      0.00002 0.07028 0.95628 0.00012 0.94569
  0.      0.92036]]
查询次数: 364000
置信度:
 [[0.      0.0004  0.92941 0.00003 0.75192 0.00002 0.00036 0.93971 0.94068
  0.92875 0.91332 0.00871 0.00001 0.00003 0.06863 0.95141 0.00013 0.95772
  0.      0.92171]]
查询次数: 365000
置信度:
 [[0.      0.00034 0.93445 0.00003 0.91646 0.00001 0.00042 0.94062 0.94626
  0.91986 0.93168 0.00802 0.00001 0.00002 0.07562 0.96099 0.00015 0.95116
  0.      0.8305 ]]
查询次数: 366000
置信度:
 [[0.      0.00036 0.92473 0.00002 0.93485 0.00001 0.00035 0.94004 0.94872
  0.89917 0.92743 0.00846 0.00001 0.00002 0.06942 0.96086 0.00014 0.95265
  0.      0.92934]]
查询次数: 367000
置信度:
 [[0.      0.00037 0.92885 0.00003 0.93571 0.00001 0.00037 0.93935 0.94735
  0.91058 0.92982 0.0078  0.00001 0.00002 0.06953 0.96075 0.00014 0.94893
  0.      0.92657]]
查询次数: 368000
置信度:
 [[0.      0.00037 0.93133 0.00003 0.92871 0.00001 0.00038 0.93829 0.94319
  0.91236 0.92664 0.00803 0.00001 0.00002 0.06388 0.96212 0.00015 0.94769
  0.      0.92106]]
查询次数: 369000
置信度:
 [[0.      0.00041 0.92748 0.00002 0.94015 0.00002 0.00041 0.93326 0.94717
  0.91114 0.92993 0.00679 0.00001 0.00002 0.07061 0.96286 0.00013 0.95074
  0.      0.92689]]
查询次数: 370000
置信度:
 [[0.      0.0004  0.93862 0.00003 0.93876 0.00002 0.0004  0.94222 0.94717
  0.91154 0.93463 0.0065  0.      0.00002 0.06251 0.96012 0.00011 0.95553
  0.      0.92579]]
查询次数: 371000
置信度:
 [[0.      0.0004  0.93491 0.00003 0.94159 0.00002 0.00037 0.93995 0.94533
  0.92091 0.9337  0.00674 0.      0.00002 0.06422 0.95199 0.00011 0.95476
  0.      0.92547]]
查询次数: 372000
置信度:
 [[0.      0.00037 0.9327  0.00003 0.93817 0.00001 0.00038 0.94407 0.9459
  0.91575 0.93208 0.00669 0.      0.00002 0.0615  0.95911 0.00011 0.95736
  0.      0.9323 ]]
查询次数: 373000
置信度:
 [[0.      0.00034 0.93506 0.00002 0.94899 0.00001 0.00035 0.94043 0.94558
  0.91458 0.9362  0.00638 0.      0.00002 0.06727 0.96564 0.00011 0.95201
  0.      0.93147]]
查询次数: 374000
置信度:
 [[0.      0.00036 0.93523 0.00002 0.9497  0.00001 0.00037 0.94106 0.94957
  0.92169 0.93412 0.00648 0.      0.00002 0.06098 0.96577 0.00011 0.95234
  0.      0.93612]]
查询次数: 375000
置信度:
 [[0.      0.0004  0.93923 0.00002 0.94745 0.00001 0.00038 0.94593 0.94844
  0.92271 0.93297 0.00634 0.      0.00002 0.06004 0.96871 0.00011 0.95324
  0.      0.93056]]
查询次数: 376000
置信度:
 [[0.      0.00035 0.9357  0.00002 0.94659 0.00001 0.00036 0.94358 0.95039
  0.92321 0.9364  0.00658 0.      0.00002 0.05915 0.968   0.0001  0.95402
  0.      0.9378 ]]
查询次数: 377000
置信度:
 [[0.      0.00034 0.93694 0.00002 0.94528 0.00001 0.00036 0.94478 0.95141
  0.92781 0.94008 0.00595 0.      0.00002 0.05676 0.96678 0.0001  0.95497
  0.      0.93446]]
查询次数: 378000
置信度:
 [[0.      0.00034 0.93578 0.00002 0.94738 0.00001 0.00036 0.94423 0.95368
  0.93019 0.9383  0.00616 0.      0.00002 0.05662 0.96651 0.0001  0.95471
  0.      0.93613]]
查询次数: 379000
置信度:
 [[0.      0.00037 0.93662 0.00002 0.94344 0.00001 0.00036 0.94633 0.95428
  0.91074 0.93887 0.00556 0.      0.00002 0.05482 0.96789 0.00011 0.9529
  0.      0.93747]]
查询次数: 380000
置信度:
 [[0.      0.00034 0.93967 0.00002 0.94758 0.00001 0.00037 0.94858 0.95585
  0.91962 0.94152 0.0057  0.      0.00002 0.05296 0.96923 0.0001  0.95343
  0.      0.93406]]
查询次数: 381000
置信度:
 [[0.      0.00035 0.94162 0.00002 0.94693 0.00001 0.00038 0.94843 0.95705
  0.92537 0.94091 0.00582 0.      0.00002 0.05484 0.96649 0.00009 0.95541
  0.      0.93829]]
查询次数: 382000
置信度:
 [[0.      0.00034 0.94307 0.00002 0.9441  0.00001 0.0004  0.94817 0.9581
  0.92603 0.94183 0.00631 0.      0.00002 0.05473 0.96503 0.00009 0.95476
  0.      0.9392 ]]
查询次数: 383000
置信度:
 [[0.      0.00036 0.94069 0.00002 0.94676 0.00001 0.00043 0.95013 0.95641
  0.92804 0.94018 0.00622 0.      0.00002 0.05245 0.96659 0.0001  0.95641
  0.      0.93835]]
查询次数: 384000
置信度:
 [[0.      0.00036 0.94166 0.00002 0.9551  0.00001 0.00043 0.9496  0.95635
  0.92633 0.9361  0.00684 0.      0.00002 0.05818 0.96578 0.0001  0.95719
  0.      0.94236]]
查询次数: 385000
置信度:
 [[0.      0.00037 0.94178 0.00002 0.95412 0.00001 0.00042 0.95056 0.95693
  0.92971 0.94035 0.00628 0.      0.00002 0.05568 0.96548 0.0001  0.95524
  0.      0.94247]]
查询次数: 386000
置信度:
 [[0.      0.00037 0.94097 0.00002 0.95417 0.00001 0.00042 0.95402 0.95665
  0.92861 0.94035 0.00639 0.      0.00002 0.05306 0.96827 0.0001  0.95826
  0.      0.93889]]
查询次数: 387000
置信度:
 [[0.      0.00037 0.94185 0.00002 0.94882 0.00001 0.00043 0.95332 0.95864
  0.93184 0.94147 0.00616 0.      0.00002 0.05211 0.96787 0.00009 0.95949
  0.      0.94352]]
查询次数: 388000
置信度:
 [[0.      0.0004  0.94516 0.00002 0.95097 0.00001 0.00043 0.95388 0.95918
  0.92905 0.94388 0.00624 0.      0.00002 0.05238 0.96822 0.0001  0.95864
  0.      0.94217]]
查询次数: 389000
置信度:
 [[0.      0.0004  0.94651 0.00002 0.95208 0.00001 0.00042 0.95279 0.95995
  0.92877 0.94438 0.0065  0.      0.00002 0.05084 0.96813 0.0001  0.95825
  0.      0.94162]]
查询次数: 390000
置信度:
 [[0.      0.00043 0.94662 0.00002 0.9516  0.00001 0.00043 0.95052 0.96312
  0.92705 0.94462 0.00648 0.      0.00002 0.05305 0.96758 0.0001  0.95905
  0.      0.94674]]
查询次数: 391000
置信度:
 [[0.      0.00044 0.94837 0.00003 0.95253 0.00001 0.00043 0.9517  0.96315
  0.93152 0.94673 0.00625 0.      0.00002 0.0513  0.97126 0.00009 0.96103
  0.      0.9482 ]]
查询次数: 392000
置信度:
 [[0.      0.00042 0.94839 0.00003 0.95126 0.00002 0.00042 0.95445 0.96022
  0.9358  0.94666 0.00577 0.      0.00002 0.04881 0.97081 0.00009 0.95456
  0.      0.94703]]
查询次数: 393000
置信度:
 [[0.      0.00042 0.94847 0.00003 0.95283 0.00001 0.00042 0.95459 0.96166
  0.93561 0.94753 0.00635 0.      0.00002 0.04873 0.97247 0.0001  0.95848
  0.      0.94789]]
查询次数: 394000
置信度:
 [[0.      0.00043 0.94877 0.00002 0.94947 0.00001 0.00041 0.95689 0.96371
  0.93905 0.94836 0.00604 0.      0.00002 0.04774 0.97224 0.00009 0.95976
  0.      0.94777]]
查询次数: 395000
置信度:
 [[0.      0.00045 0.95068 0.00002 0.95341 0.00001 0.00041 0.95906 0.96311
  0.93528 0.94794 0.00615 0.      0.00002 0.04739 0.97327 0.0001  0.95953
  0.      0.94516]]
查询次数: 396000
置信度:
 [[0.      0.00046 0.95152 0.00002 0.95357 0.00001 0.00042 0.95788 0.96407
  0.94055 0.94995 0.00618 0.      0.00002 0.04902 0.97237 0.0001  0.95907
  0.      0.94576]]
查询次数: 397000
置信度:
 [[0.      0.00043 0.9489  0.00003 0.95074 0.00001 0.00041 0.95813 0.96401
  0.93991 0.94828 0.00776 0.      0.00002 0.04782 0.97257 0.0001  0.9612
  0.      0.94686]]
查询次数: 398000
置信度:
 [[0.      0.00044 0.95021 0.00002 0.95374 0.00001 0.00043 0.95713 0.96425
  0.94153 0.95035 0.00637 0.      0.00002 0.05223 0.97243 0.0001  0.95994
  0.      0.94826]]
查询次数: 399000
置信度:
 [[0.      0.00046 0.95137 0.00002 0.95431 0.00001 0.00043 0.95742 0.96439
  0.93961 0.9478  0.00636 0.      0.00002 0.0472  0.97161 0.0001  0.96134
  0.      0.94891]]
查询次数: 400000
置信度:
 [[0.      0.00042 0.94941 0.00002 0.94843 0.00001 0.00044 0.95929 0.96769
  0.93142 0.95027 0.0064  0.      0.00002 0.04811 0.96983 0.0001  0.96218
  0.      0.94462]]
查询次数: 401000
置信度:
 [[0.      0.00048 0.95206 0.00002 0.9589  0.00001 0.00047 0.95974 0.96575
  0.9392  0.9491  0.00684 0.      0.00002 0.04549 0.97357 0.0001  0.96354
  0.      0.94797]]
查询次数: 402000
置信度:
 [[0.      0.00048 0.95425 0.00002 0.95874 0.00001 0.00046 0.96069 0.96658
  0.93879 0.95218 0.00651 0.      0.00002 0.04673 0.97483 0.0001  0.96426
  0.      0.95008]]
查询次数: 403000
置信度:
 [[0.      0.0005  0.95381 0.00002 0.95602 0.00001 0.00047 0.96023 0.9666
  0.94369 0.95392 0.00675 0.      0.00002 0.04407 0.97576 0.0001  0.96574
  0.      0.95111]]
查询次数: 404000
置信度:
 [[0.      0.00054 0.96494 0.00003 0.94852 0.00002 0.00068 0.96425 0.96629
  0.95771 0.95525 0.00796 0.      0.00003 0.05068 0.97731 0.00012 0.96983
  0.00001 0.87151]]
查询次数: 405000
置信度:
 [[0.      0.00049 0.95582 0.00002 0.95773 0.00001 0.00049 0.96216 0.96771
  0.94743 0.95437 0.00639 0.      0.00002 0.04423 0.97654 0.0001  0.96573
  0.      0.95226]]
查询次数: 406000
置信度:
 [[0.      0.00047 0.95749 0.00002 0.95891 0.00001 0.00048 0.96772 0.96569
  0.94967 0.95291 0.00603 0.      0.00002 0.04247 0.97611 0.0001  0.9665
  0.      0.95267]]
查询次数: 407000
置信度:
 [[0.      0.00042 0.95821 0.00002 0.97818 0.00001 0.00045 0.96304 0.96627
  0.93939 0.95335 0.006   0.      0.00002 0.03677 0.97717 0.00009 0.9614
  0.      0.94364]]
查询次数: 408000
置信度:
 [[0.      0.0005  0.96107 0.00002 0.96197 0.00001 0.00049 0.97094 0.96791
  0.94473 0.95597 0.00663 0.      0.00002 0.04049 0.97902 0.0001  0.96616
  0.      0.95304]]
查询次数: 409000
置信度:
 [[0.      0.00048 0.95946 0.00002 0.96367 0.00002 0.0005  0.97182 0.96888
  0.94667 0.95648 0.00669 0.      0.00002 0.04101 0.97911 0.00009 0.96668
  0.      0.95479]]
查询次数: 410000
置信度:
 [[0.      0.00048 0.95792 0.00002 0.97146 0.00001 0.00047 0.96953 0.96918
  0.94223 0.95679 0.00659 0.      0.00002 0.04055 0.97783 0.00009 0.96548
  0.      0.95798]]
查询次数: 411000
置信度:
 [[0.      0.00049 0.96091 0.00002 0.96611 0.00002 0.00053 0.9695  0.9689
  0.95049 0.95734 0.00757 0.      0.00002 0.042   0.97807 0.0001  0.96982
  0.      0.95603]]
查询次数: 412000
置信度:
 [[0.      0.00047 0.9629  0.00003 0.96458 0.00002 0.00044 0.97124 0.96883
  0.93687 0.96033 0.00662 0.      0.00002 0.04022 0.97663 0.00009 0.96709
  0.      0.95515]]
查询次数: 413000
置信度:
 [[0.      0.00061 0.96364 0.00003 0.94398 0.00002 0.00055 0.97046 0.97009
  0.9583  0.95688 0.00845 0.      0.00003 0.04438 0.97811 0.00011 0.97229
  0.      0.95812]]
查询次数: 414000
置信度:
 [[0.      0.00055 0.96083 0.00003 0.96543 0.00002 0.00055 0.96949 0.9716
  0.95528 0.95584 0.00801 0.      0.00003 0.04026 0.9791  0.0001  0.97208
  0.      0.95993]]
查询次数: 415000
置信度:
 [[0.      0.00059 0.9631  0.00003 0.96454 0.00002 0.00055 0.97028 0.97118
  0.95356 0.95653 0.00748 0.      0.00003 0.03942 0.97891 0.0001  0.97177
  0.00001 0.95994]]
查询次数: 416000
置信度:
 [[0.      0.00057 0.96304 0.00003 0.96432 0.00002 0.00056 0.97168 0.97234
  0.9538  0.95733 0.00758 0.      0.00003 0.03787 0.97893 0.00011 0.97266
  0.00001 0.95946]]
查询次数: 417000
置信度:
 [[0.      0.00064 0.96009 0.00003 0.96466 0.00002 0.00053 0.97395 0.97055
  0.9453  0.94797 0.0068  0.      0.00003 0.04124 0.98142 0.00011 0.97101
  0.      0.95945]]
查询次数: 418000
置信度:
 [[0.      0.00064 0.9656  0.00003 0.96573 0.00002 0.00061 0.97236 0.97282
  0.95902 0.95772 0.00633 0.      0.00003 0.03909 0.97995 0.00011 0.96984
  0.00001 0.95839]]
查询次数: 419000
置信度:
 [[0.      0.00068 0.96631 0.00003 0.96626 0.00002 0.00065 0.96989 0.97331
  0.9587  0.95812 0.00623 0.      0.00003 0.03794 0.98164 0.00011 0.97073
  0.00001 0.96025]]
查询次数: 420000
置信度:
 [[0.      0.00071 0.96699 0.00003 0.96679 0.00002 0.00067 0.96995 0.97474
  0.95719 0.95886 0.00635 0.      0.00003 0.03813 0.98116 0.0001  0.97218
  0.00001 0.96079]]
查询次数: 421000
置信度:
 [[0.      0.00074 0.96825 0.00003 0.96687 0.00002 0.0007  0.97086 0.97545
  0.95646 0.95902 0.00631 0.      0.00003 0.03838 0.98149 0.0001  0.97174
  0.00001 0.95995]]
查询次数: 422000
置信度:
 [[0.      0.00075 0.96775 0.00003 0.96635 0.00002 0.0007  0.97145 0.97596
  0.95753 0.96026 0.00614 0.      0.00003 0.03739 0.98244 0.00011 0.97179
  0.00001 0.95947]]
查询次数: 423000
置信度:
 [[0.      0.00081 0.96664 0.00003 0.9646  0.00002 0.00076 0.96927 0.97492
  0.95831 0.95746 0.00666 0.      0.00003 0.03524 0.9832  0.00011 0.97291
  0.00001 0.95708]]
查询次数: 424000
置信度:
 [[0.      0.00085 0.96049 0.00003 0.96988 0.00002 0.00075 0.96983 0.97703
  0.95255 0.96372 0.00685 0.      0.00003 0.0388  0.98143 0.00012 0.97201
  0.00001 0.96144]]
查询次数: 425000
置信度:
 [[0.      0.00089 0.96813 0.00003 0.96619 0.00002 0.0008  0.97389 0.9763
  0.95842 0.96106 0.00653 0.      0.00003 0.03747 0.98164 0.00011 0.97184
  0.00001 0.9592 ]]
查询次数: 426000
置信度:
 [[0.      0.00099 0.96671 0.00003 0.96788 0.00002 0.00086 0.97275 0.97647
  0.95886 0.9603  0.00631 0.      0.00003 0.03776 0.98166 0.00012 0.9727
  0.00001 0.9598 ]]
查询次数: 427000
置信度:
 [[0.      0.00108 0.96709 0.00003 0.96934 0.00002 0.00088 0.97287 0.97693
  0.95658 0.95967 0.00633 0.      0.00003 0.03613 0.98126 0.00011 0.97383
  0.00001 0.96097]]
查询次数: 428000
置信度:
 [[0.      0.0012  0.96462 0.00003 0.96907 0.00003 0.00097 0.97474 0.97777
  0.95522 0.95911 0.00664 0.      0.00003 0.03845 0.98205 0.00011 0.97464
  0.00001 0.96489]]
查询次数: 429000
置信度:
 [[0.      0.00119 0.96605 0.00003 0.97012 0.00002 0.0008  0.97143 0.97474
  0.9532  0.95633 0.00525 0.      0.00003 0.0345  0.98149 0.0001  0.96936
  0.00001 0.97189]]
查询次数: 430000
置信度:
 [[0.      0.00135 0.96764 0.00004 0.9692  0.00003 0.00104 0.97466 0.97694
  0.9592  0.95894 0.00593 0.      0.00004 0.03838 0.98183 0.00012 0.97212
  0.00001 0.96273]]
查询次数: 431000
置信度:
 [[0.      0.00149 0.96723 0.00004 0.96895 0.00003 0.00113 0.97439 0.97651
  0.95959 0.9579  0.00571 0.      0.00004 0.03648 0.98108 0.00012 0.97356
  0.00001 0.96233]]
查询次数: 432000
置信度:
 [[0.      0.00156 0.96399 0.00004 0.96906 0.00004 0.00104 0.97174 0.97506
  0.95001 0.96155 0.00497 0.      0.00004 0.03784 0.97944 0.00012 0.9706
  0.00001 0.96226]]
查询次数: 433000
置信度:
 [[0.      0.00181 0.96712 0.00004 0.96861 0.00004 0.00123 0.97363 0.97607
  0.95816 0.95785 0.00527 0.      0.00004 0.03642 0.98231 0.00014 0.97134
  0.00001 0.963  ]]
查询次数: 434000
置信度:
 [[0.      0.00206 0.96764 0.00004 0.96909 0.00004 0.00132 0.97405 0.97718
  0.95731 0.95714 0.00575 0.      0.00004 0.03949 0.98208 0.00014 0.97224
  0.00001 0.96383]]
查询次数: 435000
置信度:
 [[0.      0.00241 0.9659  0.00004 0.96639 0.00004 0.00162 0.97461 0.97681
  0.95948 0.9527  0.00619 0.00001 0.00005 0.04114 0.9825  0.00014 0.97301
  0.00001 0.96018]]
查询次数: 436000
置信度:
 [[0.      0.00281 0.9669  0.00005 0.96444 0.00004 0.00181 0.97317 0.97864
  0.95817 0.9541  0.00745 0.00001 0.00005 0.04198 0.98325 0.00015 0.97498
  0.00001 0.95756]]
查询次数: 437000
置信度:
 [[0.      0.00358 0.96663 0.00005 0.96447 0.00005 0.00242 0.9706  0.97822
  0.95833 0.9517  0.00731 0.00001 0.00006 0.04547 0.98165 0.00016 0.97209
  0.00001 0.94897]]
查询次数: 438000
置信度:
 [[0.      0.00438 0.96087 0.00005 0.98858 0.00005 0.00303 0.95885 0.97439
  0.93577 0.94168 0.0054  0.00001 0.00006 0.04125 0.97587 0.00017 0.96053
  0.00001 0.91926]]
查询次数: 439000
置信度:
 [[0.      0.00754 0.95726 0.00006 0.95388 0.00007 0.004   0.96945 0.97815
  0.94968 0.94196 0.00842 0.00001 0.00009 0.06184 0.97588 0.00019 0.96941
  0.00001 0.94254]]
查询次数: 440000
置信度:
 [[0.      0.01735 0.94079 0.00007 0.93434 0.00016 0.00523 0.95711 0.9732
  0.93827 0.91289 0.01055 0.00001 0.00013 0.07814 0.97255 0.00021 0.96574
  0.00001 0.94996]]
查询次数: 441000
置信度:
 [[0.      0.03914 0.92864 0.00008 0.92271 0.00017 0.00545 0.94385 0.97144
  0.92389 0.89543 0.01059 0.00001 0.00018 0.10303 0.96609 0.00027 0.95215
  0.00001 0.9204 ]]
查询次数: 442000
置信度:
 [[0.      0.10758 0.91141 0.00007 0.87434 0.00028 0.00624 0.91216 0.95484
  0.87897 0.83787 0.01067 0.00002 0.00026 0.13953 0.94099 0.0003  0.94
  0.00002 0.90068]]
查询次数: 443000
置信度:
 [[0.      0.22399 0.8822  0.00007 0.86774 0.00048 0.00609 0.87327 0.93758
  0.82456 0.75922 0.01095 0.00002 0.00035 0.15531 0.92332 0.0003  0.94016
  0.00002 0.86195]]
查询次数: 444000
置信度:
 [[0.      0.36602 0.88098 0.00007 0.82292 0.0007  0.00698 0.86907 0.91814
  0.81239 0.74639 0.00941 0.00002 0.00043 0.1711  0.90549 0.00026 0.91745
  0.00002 0.77549]]
查询次数: 445000
置信度:
 [[0.      0.49647 0.82267 0.00008 0.81909 0.00093 0.00697 0.858   0.92354
  0.77526 0.75846 0.00684 0.00002 0.00054 0.19154 0.91421 0.00024 0.92156
  0.00003 0.82837]]
查询次数: 446000
置信度:
 [[0.      0.54317 0.83921 0.00008 0.8247  0.0009  0.00636 0.86937 0.92582
  0.79115 0.74945 0.00794 0.00002 0.00054 0.18921 0.89858 0.00022 0.92346
  0.00003 0.84412]]
查询次数: 447000
置信度:
 [[0.      0.58973 0.8411  0.00008 0.81831 0.00089 0.00617 0.8809  0.93286
  0.79608 0.78364 0.0078  0.00002 0.00049 0.20709 0.89946 0.0002  0.91509
  0.00002 0.84602]]
查询次数: 448000
置信度:
 [[0.      0.62066 0.86602 0.00009 0.82768 0.00098 0.00673 0.88689 0.92725
  0.73857 0.7882  0.00681 0.00002 0.0006  0.17356 0.90412 0.0002  0.9158
  0.00002 0.83227]]
查询次数: 449000
置信度:
 [[0.      0.63802 0.85369 0.00009 0.83593 0.00104 0.00651 0.88224 0.93083
  0.81967 0.78745 0.00774 0.00002 0.00059 0.1835  0.90375 0.00019 0.92405
  0.00002 0.82949]]
查询次数: 450000
置信度:
 [[0.      0.6872  0.86292 0.00008 0.86284 0.00113 0.00736 0.86624 0.92836
  0.80037 0.77466 0.00635 0.00001 0.00067 0.15325 0.89105 0.00019 0.91933
  0.00002 0.85867]]
查询次数: 451000
置信度:
 [[0.      0.71537 0.85828 0.00009 0.87678 0.00132 0.00802 0.88031 0.93289
  0.82116 0.79175 0.00549 0.00001 0.00072 0.16341 0.89096 0.00017 0.92904
  0.00003 0.85428]]
查询次数: 452000
置信度:
 [[0.      0.73428 0.86893 0.00008 0.86009 0.00129 0.00822 0.88427 0.93579
  0.83512 0.79236 0.00588 0.00001 0.00073 0.14245 0.90187 0.00016 0.93548
  0.00002 0.86045]]
查询次数: 453000
置信度:
 [[0.      0.73562 0.86684 0.00009 0.87995 0.00124 0.00797 0.87452 0.94237
  0.8312  0.81011 0.00544 0.00001 0.0007  0.15403 0.90175 0.00017 0.94054
  0.00002 0.86416]]
查询次数: 454000
置信度:
 [[0.      0.75214 0.8735  0.00009 0.88389 0.00136 0.00886 0.87831 0.94615
  0.84463 0.81083 0.00593 0.00001 0.00072 0.1522  0.907   0.00018 0.93888
  0.00002 0.86081]]
查询次数: 455000
置信度:
 [[0.      0.77005 0.87864 0.00009 0.87905 0.00142 0.00994 0.89851 0.95352
  0.84369 0.82531 0.00598 0.00002 0.00071 0.15252 0.91919 0.00017 0.93428
  0.00002 0.85005]]
查询次数: 456000
置信度:
 [[0.      0.78236 0.88604 0.00008 0.88713 0.00147 0.01016 0.90577 0.948
  0.85447 0.81339 0.00531 0.00001 0.00072 0.13646 0.92184 0.00015 0.93048
  0.00002 0.87912]]
查询次数: 457000
置信度:
 [[0.      0.79073 0.88848 0.00008 0.88953 0.0014  0.01074 0.90678 0.95166
  0.84605 0.82369 0.00551 0.00001 0.00068 0.1367  0.92184 0.00014 0.93229
  0.00002 0.88312]]
查询次数: 458000
置信度:
 [[0.      0.79608 0.87511 0.00008 0.88156 0.00148 0.01068 0.90886 0.95586
  0.85695 0.837   0.00536 0.00001 0.00069 0.13479 0.92717 0.00014 0.93362
  0.00002 0.88769]]
查询次数: 459000
置信度:
 [[0.      0.80449 0.88777 0.00009 0.88321 0.00139 0.0114  0.90787 0.95594
  0.8668  0.83117 0.00483 0.00001 0.0007  0.12445 0.92654 0.00014 0.93545
  0.00002 0.87617]]
查询次数: 460000
置信度:
 [[0.      0.80544 0.88593 0.00009 0.89131 0.00154 0.01427 0.9141  0.95503
  0.85851 0.83125 0.00462 0.00001 0.00065 0.13224 0.93539 0.00015 0.93853
  0.00002 0.88637]]
查询次数: 461000
置信度:
 [[0.      0.81791 0.88319 0.0001  0.88416 0.00152 0.01782 0.91631 0.95486
  0.86649 0.83145 0.00475 0.00001 0.00062 0.13363 0.93317 0.00015 0.94383
  0.00002 0.88517]]
查询次数: 462000
置信度:
 [[0.      0.79702 0.85715 0.00007 0.8754  0.00197 0.06847 0.89741 0.95164
  0.84916 0.8121  0.00488 0.00001 0.00061 0.16632 0.9251  0.00015 0.92617
  0.00002 0.87054]]
查询次数: 463000
置信度:
 [[0.      0.75529 0.78917 0.00008 0.87648 0.00338 0.26212 0.89306 0.9406
  0.80022 0.76034 0.00393 0.00002 0.00085 0.18725 0.92164 0.00019 0.89208
  0.00002 0.79687]]
查询次数: 464000
置信度:
 [[0.      0.74114 0.77285 0.00007 0.8161  0.00416 0.56634 0.88127 0.94083
  0.79784 0.73525 0.00403 0.00003 0.00088 0.23511 0.91049 0.00019 0.8732
  0.00003 0.77144]]
查询次数: 465000
置信度:
 [[0.      0.728   0.8061  0.00008 0.81394 0.00446 0.72012 0.86198 0.93324
  0.79556 0.72044 0.00412 0.00003 0.00087 0.2444  0.908   0.00017 0.8514
  0.00003 0.76839]]
查询次数: 466000
置信度:
 [[0.      0.75376 0.82237 0.00007 0.83448 0.00398 0.69284 0.87737 0.94737
  0.80399 0.73867 0.00387 0.00003 0.00087 0.23153 0.91925 0.00018 0.86526
  0.00002 0.80406]]
查询次数: 467000
置信度:
 [[0.      0.78093 0.82055 0.00009 0.83003 0.00474 0.72207 0.89045 0.94663
  0.80813 0.75102 0.00462 0.00003 0.00096 0.22145 0.92807 0.00021 0.87889
  0.00002 0.81113]]
查询次数: 468000
置信度:
 [[0.00001 0.78797 0.82399 0.00009 0.84298 0.00549 0.75732 0.89203 0.94597
  0.82216 0.7623  0.00416 0.00003 0.00097 0.21639 0.93363 0.00018 0.88189
  0.00002 0.81984]]
查询次数: 469000
置信度:
 [[0.      0.79613 0.8353  0.0001  0.8581  0.00569 0.76021 0.90206 0.94748
  0.81693 0.76141 0.00412 0.00003 0.00102 0.20676 0.93441 0.00019 0.88634
  0.00003 0.82996]]
查询次数: 470000
置信度:
 [[0.      0.8096  0.84706 0.0001  0.84695 0.0059  0.76869 0.90066 0.94742
  0.81959 0.76667 0.00422 0.00003 0.00108 0.20668 0.93635 0.00019 0.88569
  0.00002 0.83502]]
查询次数: 471000
置信度:
 [[0.      0.81264 0.84322 0.0001  0.84767 0.00593 0.79176 0.89731 0.94893
  0.82933 0.77291 0.00425 0.00003 0.00106 0.20432 0.93379 0.0002  0.88849
  0.00002 0.83714]]
查询次数: 472000
置信度:
 [[0.      0.81666 0.85297 0.00009 0.86302 0.00637 0.79238 0.90683 0.95063
  0.83632 0.77883 0.00417 0.00003 0.00115 0.19835 0.93562 0.00019 0.90063
  0.00002 0.83248]]
查询次数: 473000
置信度:
 [[0.      0.8247  0.84825 0.00009 0.87202 0.00657 0.81026 0.90756 0.95099
  0.84349 0.79007 0.00412 0.00002 0.00114 0.19676 0.93892 0.00018 0.90157
  0.00002 0.84626]]
查询次数: 474000
置信度:
 [[0.      0.82327 0.85539 0.00009 0.88188 0.00739 0.82022 0.90685 0.95248
  0.85254 0.8025  0.00425 0.00002 0.00102 0.20533 0.93784 0.00017 0.90286
  0.00002 0.85781]]
查询次数: 475000
置信度:
 [[0.      0.8224  0.86094 0.00008 0.87326 0.00723 0.81699 0.91105 0.95249
  0.85722 0.79131 0.00435 0.00002 0.00095 0.18946 0.94166 0.00016 0.90714
  0.00002 0.86017]]
查询次数: 476000
置信度:
 [[0.      0.83213 0.85124 0.00008 0.87691 0.00713 0.83611 0.90553 0.95558
  0.85606 0.81277 0.00401 0.00002 0.00093 0.17916 0.94615 0.00015 0.89906
  0.00002 0.85834]]
查询次数: 477000
置信度:
 [[0.      0.83489 0.85895 0.00009 0.88131 0.00711 0.83496 0.91047 0.95637
  0.85698 0.81794 0.00411 0.00003 0.001   0.18128 0.9453  0.00016 0.89327
  0.00002 0.8573 ]]
查询次数: 478000
置信度:
 [[0.      0.83123 0.8823  0.00009 0.86613 0.00682 0.8244  0.90006 0.94782
  0.86201 0.78941 0.00473 0.00002 0.00093 0.15231 0.94506 0.00015 0.89449
  0.00002 0.86719]]
查询次数: 479000
置信度:
 [[0.      0.83892 0.86949 0.00009 0.8939  0.00745 0.83637 0.91184 0.95435
  0.85958 0.81505 0.00404 0.00002 0.00098 0.16076 0.95075 0.00015 0.8979
  0.00002 0.86146]]
查询次数: 480000
置信度:
 [[0.      0.84653 0.87078 0.00009 0.88843 0.00765 0.84391 0.91618 0.95465
  0.85842 0.81797 0.00373 0.00002 0.00097 0.15407 0.95416 0.00015 0.89791
  0.00002 0.85832]]
查询次数: 481000
置信度:
 [[0.      0.83867 0.86807 0.00009 0.89647 0.00785 0.85166 0.92003 0.95852
  0.85801 0.82286 0.0038  0.00002 0.00097 0.15515 0.9554  0.00014 0.90261
  0.00002 0.87073]]
查询次数: 482000
置信度:
 [[0.      0.84856 0.87212 0.00009 0.89287 0.0078  0.85018 0.91823 0.95994
  0.8675  0.8315  0.00382 0.00002 0.00097 0.15592 0.95669 0.00015 0.90646
  0.00002 0.87212]]
查询次数: 483000
置信度:
 [[0.      0.85388 0.86598 0.00009 0.89002 0.00876 0.85832 0.92023 0.9595
  0.8696  0.82914 0.00375 0.00002 0.00102 0.15694 0.95693 0.00015 0.90505
  0.00002 0.88039]]
查询次数: 484000
置信度:
 [[0.      0.84144 0.86524 0.0001  0.88707 0.00916 0.86227 0.92184 0.95425
  0.87833 0.81457 0.00363 0.00002 0.00105 0.1456  0.9515  0.00015 0.90723
  0.00002 0.87913]]
查询次数: 485000
置信度:
 [[0.      0.85264 0.87816 0.00009 0.89294 0.00984 0.87027 0.92356 0.95647
  0.87303 0.81991 0.0037  0.00002 0.00103 0.15176 0.94896 0.00014 0.90711
  0.00002 0.88767]]
查询次数: 486000
置信度:
 [[0.      0.86004 0.87841 0.00009 0.89721 0.0103  0.86518 0.92793 0.95806
  0.87432 0.82622 0.00358 0.00002 0.00104 0.14795 0.95441 0.00014 0.90493
  0.00002 0.88742]]
查询次数: 487000
置信度:
 [[0.      0.85851 0.88351 0.0001  0.89584 0.01135 0.86857 0.92686 0.95791
  0.87655 0.8352  0.00378 0.00002 0.0011  0.14538 0.9593  0.00014 0.90269
  0.00002 0.8824 ]]
查询次数: 488000
置信度:
 [[0.      0.86076 0.88105 0.00011 0.89939 0.01155 0.86912 0.92783 0.96196
  0.8509  0.83124 0.00374 0.00002 0.00114 0.14736 0.95898 0.00014 0.90626
  0.00002 0.88622]]
查询次数: 489000
置信度:
 [[0.      0.86605 0.88918 0.00011 0.90087 0.01257 0.87007 0.92718 0.9592
  0.88132 0.82982 0.00405 0.00002 0.00107 0.14202 0.95656 0.00013 0.90752
  0.00002 0.89202]]
查询次数: 490000
置信度:
 [[0.      0.87098 0.87379 0.00011 0.90306 0.01398 0.87726 0.93741 0.96399
  0.87606 0.83652 0.00418 0.00002 0.00109 0.15004 0.9612  0.00014 0.90769
  0.00002 0.8985 ]]
查询次数: 491000
置信度:
 [[0.      0.87275 0.88822 0.00012 0.902   0.01558 0.88326 0.93434 0.9607
  0.88415 0.82423 0.00399 0.00002 0.00118 0.1451  0.95646 0.00014 0.90782
  0.00002 0.89419]]
查询次数: 492000
置信度:
 [[0.      0.87459 0.88742 0.00012 0.9023  0.01652 0.88109 0.93467 0.96287
  0.88031 0.82773 0.00414 0.00002 0.00118 0.14399 0.95507 0.00014 0.91212
  0.00002 0.8958 ]]/home/czj/jjr/square-attack-master/engine.py:144: UserWarning: volatile was removed and now has no effect. Use `with torch.no_grad():` instead.
  feature_var.volatile = True
/home/czj/jjr/square-attack-master/engine.py:146: UserWarning: volatile was removed and now has no effect. Use `with torch.no_grad():` instead.
  inp_var.volatile = True

查询次数: 493000
置信度:
 [[0.      0.87659 0.89008 0.00012 0.89675 0.01734 0.87949 0.93709 0.96403
  0.87877 0.83562 0.00414 0.00002 0.00119 0.14419 0.95419 0.00013 0.91142
  0.00002 0.89766]]
查询次数: 494000
置信度:
 [[0.      0.88    0.88646 0.00012 0.90207 0.01841 0.88551 0.93675 0.96369
  0.88173 0.83305 0.00404 0.00002 0.00125 0.14698 0.9572  0.00013 0.91361
  0.00002 0.90272]]
查询次数: 495000
置信度:
 [[0.      0.88292 0.88501 0.00013 0.90302 0.02142 0.89233 0.93474 0.96366
  0.88747 0.83821 0.00396 0.00002 0.0013  0.15555 0.95632 0.00014 0.90707
  0.00003 0.90392]]
查询次数: 496000
置信度:
 [[0.      0.88418 0.88513 0.00013 0.90478 0.0236  0.88987 0.93821 0.96465
  0.88477 0.84063 0.00397 0.00002 0.00123 0.15165 0.9567  0.00013 0.90949
  0.00003 0.90085]]
查询次数: 497000
置信度:
 [[0.      0.87216 0.89055 0.00013 0.89432 0.02394 0.89301 0.93114 0.96149
  0.89092 0.83442 0.00407 0.00002 0.00117 0.14656 0.95362 0.00013 0.90704
  0.00002 0.88768]]
查询次数: 498000
置信度:
 [[0.      0.88062 0.88425 0.00016 0.87078 0.03982 0.88489 0.93623 0.96119
  0.88851 0.84194 0.00321 0.00003 0.00127 0.15709 0.95714 0.00014 0.90847
  0.00003 0.87531]]
查询次数: 499000
置信度:
 [[0.      0.84608 0.9023  0.0002  0.87439 0.03475 0.65154 0.92898 0.95886
  0.87031 0.83513 0.0027  0.00002 0.00103 0.12123 0.9483  0.00015 0.92172
  0.00003 0.87641]]
查询次数: 500000
置信度:
 [[0.      0.89132 0.87451 0.00016 0.88678 0.0627  0.89763 0.93423 0.94673
  0.87794 0.79478 0.00303 0.00002 0.00126 0.15575 0.95457 0.00015 0.89
  0.00004 0.88884]]
